473779.29 8217216.09 478.68 23762.439 219.052 23522.129 -51.245224 -16.125
473777.41 8217052.62 474.0 23756.186 224.751 23521.934 -51.245244 -16.126478
473777.31 8216887.92 469.89 23789.486 254.905 23521.739 -51.245246 -16.127967
473777.8 8216722.92 466.91 23800.217 263.14 23521.543 -51.245244 -16.129459
473778.0 8216557.3 467.81 23805.265 266.276 23521.347 -51.245244 -16.130956
473784.13 8216392.31 472.36 23810.896 278.572 23521.152 -51.245188 -16.132447
473789.68 8216227.92 478.09 23824.973 290.873 23520.958 -51.245138 -16.133934
473791.95 8216064.77 489.06 23833.026 296.339 23520.765 -51.245119 -16.135409
473791.55 8215903.45 501.28 23821.832 278.827 23520.574 -51.245124 -16.136867
473791.44 8215744.9 513.7 23802.438 263.778 23520.386 -51.245127 -16.1383
473789.25 8215588.5 525.3 23798.788 257.848 23520.2 -51.245149 -16.139714
473785.57 8215433.63 537.0 23782.077 238.449 23520.016 -51.245185 -16.141114
473782.49 8215280.91 548.92 23762.347 218.854 23519.834 -51.245216 -16.142495
473780.0 8215129.12 560.1 23744.802 204.212 23519.654 -51.245241 -16.143867
473779.58 8214979.17 571.91 23750.209 215.37 23519.476 -51.245246 -16.145222
473782.73 8214830.15 582.93 23768.502 233.938 23519.3 -51.245219 -16.14657
473787.06 8214682.05 591.57 23777.411 241.102 23519.125 -51.24518 -16.147908
473788.43 8214535.18 601.13 23774.623 238.347 23518.952 -51.245169 -16.149236
473788.9 8214388.92 610.69 23770.223 234.651 23518.779 -51.245166 -16.150558
473790.55 8214243.89 620.05 23765.58 229.632 23518.607 -51.245152 -16.15187
473791.02 8214099.47 629.3 23755.741 219.46 23518.436 -51.245149 -16.153175
473787.63 8213955.67 640.65 23747.43 211.808 23518.265 -51.245182 -16.154475
473781.57 8213813.09 651.87 23742.312 205.193 23518.095 -51.245241 -16.155764
473775.2 8213671.43 662.42 23733.826 195.409 23517.926 -51.245302 -16.157045
473770.32 8213530.39 670.77 23725.057 185.132 23517.758 -51.245349 -16.15832
473769.0 8213389.96 679.25 23713.87 171.744 23517.592 -51.245363 -16.159589
473771.84 8213250.47 689.11 23695.005 149.74 23517.427 -51.245338 -16.16085
473778.54 8213111.28 697.91 23667.256 120.555 23517.264 -51.245277 -16.162108
473786.43 8212972.41 705.54 23641.768 96.888 23517.102 -51.245205 -16.163364
473793.42 8212833.84 712.48 23628.312 85.544 23516.939 -51.245141 -16.164617
473799.53 8212695.88 719.59 23622.843 81.174 23516.777 -51.245085 -16.165864
473803.85 8212558.23 727.71 23620.628 79.892 23516.616 -51.245046 -16.167108
473806.69 8212420.27 735.33 23623.218 85.092 23516.453 -51.245021 -16.168356
473810.12 8212282.92 743.65 23638.931 105.051 23516.291 -51.244991 -16.169597
473812.36 8212145.88 754.0 23669.594 138.713 23516.13 -51.244971 -16.170836
473811.33 8212009.76 763.65 23701.135 166.814 23515.969 -51.244982 -16.172067
473805.26 8211874.55 774.26 23694.479 149.249 23515.808 -51.245041 -16.173289
473796.81 8211740.27 784.21 23628.21 76.357 23515.647 -51.245121 -16.174503
473788.06 8211606.29 793.57 23584.647 48.208 23515.487 -51.245205 -16.175714
473782.58 8211472.0 800.24 23592.712 59.785 23515.327 -51.245257 -16.176928
473780.36 8211337.42 805.01 23602.758 67.146 23515.168 -51.24528 -16.178144
473779.64 8211200.99 805.62 23594.35 56.099 23515.006 -51.245288 -16.179378
473779.8 8211062.1 800.73 23579.138 41.735 23514.842 -51.245288 -16.180633
473783.83 8210919.84 793.98 23574.05 39.688 23514.675 -51.245252 -16.181919
473793.21 8210775.44 793.09 23579.712 47.044 23514.507 -51.245166 -16.183225
473802.0 8210629.19 796.66 23606.564 85.787 23514.336 -51.245085 -16.184547
473811.08 8210481.71 799.19 23679.751 158.647 23514.164 -51.245002 -16.185881
473818.68 8210332.08 799.87 23728.908 195.574 23513.989 -51.244932 -16.187233
473822.72 8210181.21 802.13 23707.859 166.813 23513.812 -51.244896 -16.188597
473823.79 8210029.11 804.2 23687.583 147.077 23513.633 -51.244888 -16.189972
473820.71 8209875.78 802.54 23651.827 104.653 23513.451 -51.244918 -16.191358
473811.69 8209721.52 803.01 23610.954 71.534 23513.267 -51.245005 -16.192753
473798.81 8209567.26 804.4 23605.383 69.905 23513.082 -51.245127 -16.194147
474328.9 8209478.78 772.16 23627.798 63.97 23513.095 -51.240168 -16.194953
474329.91 8209632.72 773.88 23673.915 140.284 23513.277 -51.240157 -16.193561
474327.35 8209786.97 776.52 23730.08 156.848 23513.458 -51.24018 -16.192167
474322.12 8209942.13 778.08 23653.593 80.819 23513.64 -51.240227 -16.190764
474315.41 8210098.52 775.68 23621.819 63.137 23513.823 -51.240288 -16.18935
474309.88 8210256.45 770.55 23641.948 90.812 23514.008 -51.240338 -16.187922
474305.83 8210416.54 760.63 23711.404 167.697 23514.196 -51.240374 -16.186475
474304.45 8210579.7 750.48 23762.424 201.499 23514.388 -51.240385 -16.185
474306.63 8210745.01 743.53 23737.086 166.878 23514.584 -51.240363 -16.183506
474311.19 8210912.17 736.5 23679.327 106.399 23514.782 -51.240319 -16.181994
474314.55 8211081.17 730.56 23631.504 65.714 23514.983 -51.240285 -16.180467
474315.25 8211251.09 725.67 23624.119 63.238 23515.183 -51.240277 -16.178931
474313.26 8211422.24 722.33 23618.051 56.503 23515.385 -51.240294 -16.177383
474309.2 8211593.38 719.52 23609.823 46.216 23515.586 -51.24033 -16.175836
474304.85 8211764.22 720.03 23579.575 10.416 23515.787 -51.240369 -16.174292
474303.16 8211934.75 717.92 23530.364 -16.518 23515.988 -51.240382 -16.17275
474304.45 8212105.9 708.86 23683.862 158.151 23516.191 -51.240369 -16.171203
474307.21 8212278.59 696.0 23685.65 118.901 23516.396 -51.240341 -16.169642
474311.46 8212453.74 681.32 23655.081 100.19 23516.604 -51.240299 -16.168058
474318.38 8212631.35 667.66 23653.562 100.252 23516.815 -51.240232 -16.166453
474326.49 8212810.5 657.17 23651.686 99.045 23517.029 -51.240155 -16.164833
474334.89 8212990.26 648.4 23651.911 99.034 23517.243 -51.240074 -16.163208
474342.7 8213170.33 638.7 23653.941 106.402 23517.458 -51.239999 -16.161581
474349.02 8213351.01 627.74 23682.83 140.953 23517.673 -51.239938 -16.159947
474353.56 8213532.3 617.56 23724.104 181.559 23517.889 -51.239894 -16.158308
474355.43 8213714.21 605.91 23752.95 210.527 23518.104 -51.239874 -16.156664
474353.13 8213896.42 593.74 23781.102 238.491 23518.319 -51.239894 -16.155017
474345.79 8214079.23 584.6 23803.376 257.756 23518.534 -51.23996 -16.153364
474333.11 8214261.74 576.68 23814.398 266.859 23518.747 -51.240077 -16.151714
474317.45 8214444.24 569.95 23823.776 276.856 23518.96 -51.240221 -16.150064
474303.87 8214626.74 561.29 23836.784 286.458 23519.173 -51.240346 -16.148414
474294.75 8214809.86 551.58 23831.516 276.18 23519.388 -51.24043 -16.146758
474289.78 8214992.99 541.02 23804.205 245.256 23519.604 -51.240474 -16.145103
474288.68 8215176.12 531.12 23779.723 222.821 23519.821 -51.240483 -16.143447
474289.36 8215359.25 522.0 23780.358 228.953 23520.038 -51.240474 -16.141792
474292.41 8215542.08 514.11 23792.038 241.791 23520.255 -51.240444 -16.140139
474298.73 8215724.6 506.69 23820.912 272.868 23520.473 -51.240383 -16.138489
474305.94 8215907.13 497.16 23861.955 313.674 23520.691 -51.240313 -16.136839
474309.89 8216089.65 490.06 23891.511 340.53 23520.908 -51.240274 -16.135189
474308.49 8216271.55 482.85 23898.287 335.039 23521.124 -51.240285 -16.133545
474301.15 8216453.14 476.12 23876.164 322.108 23521.338 -51.240352 -16.131903
474289.05 8216634.11 472.25 23864.818 303.259 23521.55 -51.240463 -16.130267
474275.78 8216813.23 471.61 23847.648 289.821 23521.759 -51.240585 -16.128647
474264.28 8216990.51 476.62 23839.952 275.905 23521.967 -51.240691 -16.127045
474257.25 8217165.95 478.42 23815.224 253.442 23522.174 -51.240755 -16.125459
474790.92 8217215.73 450.61 23830.363 309.571 23522.35 -51.235763 -16.125014
474789.04 8217047.04 455.04 23838.118 308.261 23522.149 -51.235783 -16.126539
474790.42 8216879.27 458.25 23838.131 320.354 23521.95 -51.235771 -16.128056
474796.25 8216711.82 460.38 23858.768 341.669 23521.753 -51.235719 -16.12957
474802.68 8216544.06 463.13 23872.8 353.721 23521.555 -51.23566 -16.131086
474808.81 8216376.3 465.8 23875.002 356.917 23521.358 -51.235605 -16.132603
474812.27 8216208.22 467.61 23877.75 358.652 23521.159 -51.235574 -16.134122
474814.54 8216040.46 471.08 23873.869 352.792 23520.961 -51.235555 -16.135639
474813.25 8215872.99 476.58 23842.217 310.685 23520.762 -51.235569 -16.137153
474807.21 8215705.83 480.97 23823.559 301.292 23520.562 -51.235627 -16.138664
474797.6 8215538.98 483.19 23829.664 308.493 23520.362 -51.235719 -16.140172
474786.2 8215372.42 487.39 23846.127 324.524 23520.163 -51.235827 -16.141678
474773.33 8215207.71 497.47 23852.289 328.085 23519.965 -51.235949 -16.143167
474760.45 8215044.85 508.92 23841.439 315.217 23519.769 -51.236071 -16.144639
474747.86 8214885.05 521.21 23826.588 302.865 23519.577 -51.236191 -16.146083
474736.46 8214727.41 534.45 23816.044 296.766 23519.387 -51.236299 -16.147508
474725.95 8214571.92 545.92 23818.18 300.908 23519.201 -51.236399 -16.148914
474717.51 8214418.58 555.08 23817.477 300.618 23519.018 -51.23648 -16.1503
474715.61 8214266.48 563.93 23808.162 290.572 23518.837 -51.236499 -16.151675
474718.45 8214115.92 573.09 23791.297 273.907 23518.659 -51.236474 -16.153036
474726.34 8213965.99 580.83 23775.33 258.302 23518.484 -51.236402 -16.154392
474737.21 8213817.28 588.53 23754.919 235.709 23518.31 -51.236302 -16.155736
474750.15 8213669.5 597.32 23731.228 213.04 23518.138 -51.236183 -16.157072
474765.16 8213522.03 607.17 23724.231 208.152 23517.967 -51.236044 -16.158406
474781.67 8213374.86 613.78 23725.087 205.722 23517.796 -51.235891 -16.159736
474797.28 8213227.7 620.2 23709.414 184.3 23517.626 -51.235746 -16.161067
474809.03 8213081.45 632.36 23682.811 156.42 23517.455 -51.235638 -16.162389
474816.62 8212935.82 645.92 23661.961 133.776 23517.285 -51.235569 -16.163706
474820.35 8212790.48 657.98 23644.544 115.829 23517.114 -51.235535 -16.165019
474819.03 8212646.37 669.64 23637.593 109.211 23516.943 -51.235549 -16.166322
474812.07 8212503.18 682.11 23634.475 103.677 23516.772 -51.235616 -16.167617
474800.05 8212361.2 694.97 23625.5 92.619 23516.602 -51.23573 -16.1689
474784.18 8212220.46 706.18 23615.978 83.364 23516.432 -51.23588 -16.170172
474765.04 8212079.71 714.64 23604.745 68.858 23516.261 -51.23606 -16.171444
474747.68 8211938.96 721.3 23583.543 51.137 23516.091 -51.236224 -16.172717
474733.3 8211796.37 725.42 23583.473 52.357 23515.92 -51.23636 -16.174006
474721.88 8211651.94 723.73 23584.323 54.979 23515.747 -51.236469 -16.175311
474713.74 8211504.44 718.95 23592.608 65.812 23515.571 -51.236546 -16.176644
474710.64 8211353.56 711.76 23603.514 76.101 23515.392 -51.236577 -16.178008
474712.01 8211198.7 700.4 23607.573 82.412 23515.209 -51.236566 -16.179408
474717.54 8211040.16 688.68 23627.76 107.657 23515.023 -51.236516 -16.180842
474726.04 8210877.62 682.05 23654.36 132.645 23514.833 -51.236438 -16.182311
474737.22 8210712.32 678.16 23661.119 136.404 23514.64 -51.236335 -16.183806
474749.58 8210545.49 675.82 23630.763 94.776 23514.446 -51.236221 -16.185314
474762.25 8210378.66 681.23 23561.837 33.819 23514.252 -51.236105 -16.186822
474774.91 8210213.05 692.84 23552.352 38.584 23514.06 -51.235988 -16.188319
474785.78 8210048.98 707.55 23593.88 85.486 23513.869 -51.235888 -16.189803
474794.28 8209888.29 722.76 23644.241 134.534 23513.681 -51.23581 -16.191255
474799.51 8209729.75 736.22 23669.948 150.084 23513.495 -51.235763 -16.192689
474800.58 8209573.35 749.57 23615.039 79.374 23513.311 -51.235755 -16.194103
475278.72 8209481.4 713.67 23604.798 105.541 23513.308 -51.231282 -16.194939
475282.11 8209630.74 703.73 23577.957 74.166 23513.485 -51.231249 -16.193589
475285.2 8209784.07 685.51 23546.077 44.377 23513.667 -51.231219 -16.192203
475287.4 8209942.32 663.2 23529.963 28.682 23513.854 -51.231196 -16.190772
475287.22 8210105.79 641.68 23523.626 21.815 23514.046 -51.231196 -16.189294
475285.24 8210273.55 620.92 23513.276 8.072 23514.244 -51.231213 -16.187778
475282.68 8210445.01 601.19 23498.945 -3.783 23514.446 -51.231235 -16.186228
475278.62 8210619.84 584.13 23500.972 -2.318 23514.651 -51.231271 -16.184647
475275.15 8210797.13 573.74 23514.398 14.807 23514.859 -51.231302 -16.183044
475271.69 8210975.65 568.91 23526.205 24.515 23515.069 -51.231332 -16.181431
475266.73 8211152.94 573.95 23560.207 62.573 23515.278 -51.231377 -16.179828
475260.6 8211327.15 584.75 23600.332 98.081 23515.482 -51.231432 -16.178253
475254.47 8211497.37 599.24 23603.074 87.04 23515.682 -51.231488 -16.176714
475252.2 8211663.6 617.09 23563.072 45.338 23515.877 -51.231507 -16.175211
475254.1 8211825.54 635.28 23534.235 24.07 23516.069 -51.231488 -16.173747
475259.26 8211984.09 651.12 23552.966 43.634 23516.258 -51.231438 -16.172314
475265.92 8212140.19 662.06 23557.146 48.8 23516.443 -51.231374 -16.170903
475273.76 8212295.99 664.51 23563.302 56.588 23516.629 -51.231299 -16.169494
475281.01 8212453.01 656.39 23580.06 80.553 23516.816 -51.23123 -16.168075
475287.66 8212613.1 637.07 23613.934 116.207 23517.007 -51.231166 -16.166628
475292.52 8212777.81 612.99 23629.883 131.316 23517.203 -51.231119 -16.165139
475294.7 8212947.42 588.89 23646.981 157.025 23517.404 -51.231096 -16.163606
475293.91 8213121.95 567.25 23688.669 206.62 23517.61 -51.231102 -16.162028
475292.23 8213299.24 552.81 23743.449 261.28 23517.819 -51.231116 -16.160425
475291.14 8213477.76 546.14 23785.258 304.112 23518.03 -51.231124 -16.158811
475290.64 8213655.98 542.92 23806.448 322.531 23518.241 -51.231127 -16.1572
475290.74 8213834.2 540.81 23818.452 335.926 23518.452 -51.231124 -16.155589
475290.54 8214012.1 542.28 23835.001 348.944 23518.663 -51.231124 -16.153981
475290.64 8214188.17 548.4 23832.888 340.402 23518.871 -51.231121 -16.152389
475291.03 8214363.0 554.57 23826.871 335.839 23519.078 -51.231116 -16.150808
475292.32 8214537.23 550.21 23835.773 342.781 23519.285 -51.231102 -16.149233
475295.1 8214712.37 540.42 23834.688 335.701 23519.493 -51.231074 -16.14765
475297.87 8214888.75 529.66 23823.609 325.715 23519.702 -51.231046 -16.146056
475301.23 8215066.05 518.55 23832.23 333.502 23519.913 -51.231013 -16.144453
475304.59 8215245.19 507.24 23833.69 334.646 23520.126 -51.23098 -16.142833
475304.99 8215425.56 498.23 23846.556 356.203 23520.34 -51.230974 -16.141203
475302.7 8215607.46 489.47 23878.904 384.483 23520.555 -51.230994 -16.139559
475299.53 8215789.35 483.01 23895.818 401.065 23520.77 -51.231021 -16.137914
475296.36 8215970.64 479.33 23889.349 394.176 23520.984 -51.231049 -16.136275
475291.99 8216151.31 476.19 23892.705 401.859 23521.197 -51.231088 -16.134642
475288.82 8216331.36 471.41 23899.325 404.786 23521.41 -51.231116 -16.133014
475287.73 8216511.42 466.94 23875.879 379.307 23521.623 -51.231124 -16.131386
475289.01 8216690.87 462.27 23871.603 376.592 23521.836 -51.23111 -16.129764
475295.05 8216870.01 457.69 23879.592 383.688 23522.05 -51.231052 -16.128145
475304.95 8217047.62 454.19 23867.145 366.681 23522.263 -51.230958 -16.126539
475789.79 8217214.7 477.07 23875.99 404.026 23522.568 -51.226422 -16.125034
475793.82 8217057.08 481.79 23914.656 436.761 23522.382 -51.226385 -16.126459
475798.15 8216899.76 483.77 23899.18 417.001 23522.196 -51.226347 -16.127881
475800.7 8216742.75 484.28 23897.368 423.105 23522.01 -51.226324 -16.1293
475800.87 8216585.43 485.34 23914.772 444.558 23521.824 -51.226324 -16.130722
475796.29 8216428.1 487.06 23923.598 450.696 23521.636 -51.226369 -16.132145
475789.34 8216270.47 488.76 23926.161 454.97 23521.448 -51.226435 -16.13357
475785.35 8216112.83 491.61 23928.491 460.493 23521.26 -51.226474 -16.134995
475783.75 8215954.59 493.12 23940.885 468.786 23521.072 -51.226491 -16.136425
475783.62 8215796.04 488.47 23928.207 453.952 23520.884 -51.226494 -16.137859
475783.8 8215636.26 483.89 23918.814 442.206 23520.695 -51.226494 -16.139303
475784.57 8215475.87 481.71 23897.067 415.594 23520.505 -51.226488 -16.140753
475788.91 8215315.17 484.24 23857.28 373.456 23520.315 -51.226449 -16.142206
475795.91 8215155.4 488.25 23827.157 345.353 23520.128 -51.226385 -16.14365
475802.32 8214995.93 491.35 23818.001 342.808 23519.94 -51.226327 -16.145092
475805.17 8214837.39 495.75 23836.05 365.514 23519.753 -51.226302 -16.146525
475804.75 8214679.45 501.79 23862.149 393.529 23519.566 -51.226308 -16.147953
475804.03 8214522.43 509.05 23890.258 424.795 23519.38 -51.226316 -16.149372
475804.8 8214366.65 520.94 23920.537 458.033 23519.196 -51.22631 -16.150781
475805.27 8214212.71 533.42 23952.167 492.016 23519.013 -51.226308 -16.152172
475804.84 8214059.69 542.8 23971.368 506.321 23518.832 -51.226313 -16.153556
475803.52 8213907.9 548.03 23952.37 484.014 23518.652 -51.226327 -16.154928
475802.2 8213756.72 551.68 23918.512 451.33 23518.473 -51.226341 -16.156295
475801.48 8213606.46 557.0 23922.112 460.114 23518.295 -51.226349 -16.157653
475800.75 8213457.74 562.18 23907.775 442.028 23518.119 -51.226358 -16.158997
475800.32 8213309.03 563.86 23875.913 399.88 23517.943 -51.226363 -16.160342
475799.59 8213160.61 566.96 23807.348 327.046 23517.768 -51.226371 -16.161683
475799.46 8213013.74 575.23 23735.369 249.382 23517.594 -51.226374 -16.163011
475799.62 8212868.71 585.95 23653.418 170.623 23517.422 -51.226374 -16.164322
475799.18 8212726.44 599.4 23611.27 132.08 23517.254 -51.22638 -16.165608
475798.15 8212586.94 616.23 23588.258 104.934 23517.089 -51.226391 -16.166869
475795.92 8212448.67 628.08 23550.157 62.385 23516.925 -51.226413 -16.168119
475793.4 8212310.39 631.85 23515.579 29.724 23516.761 -51.226438 -16.169369
475789.99 8212171.81 632.28 23507.687 25.207 23516.597 -51.226471 -16.170622
475785.69 8212031.69 629.7 23508.023 21.317 23516.43 -51.226513 -16.171889
475781.1 8211889.11 620.37 23496.308 9.283 23516.261 -51.226558 -16.173178
475778.0 8211742.24 602.88 23502.215 19.531 23516.087 -51.226588 -16.174506
475777.87 8211590.14 583.25 23519.907 34.612 23515.907 -51.226591 -16.175881
475781.9 8211434.05 566.07 23511.679 21.514 23515.723 -51.226555 -16.177292
475786.53 8211274.27 553.42 23481.581 -13.488 23515.536 -51.226513 -16.178736
475790.87 8211112.04 547.17 23442.541 -44.08 23515.345 -51.226474 -16.180203
475794.91 8210949.5 544.06 23442.13 -40.796 23515.154 -51.226438 -16.181672
475798.95 8210786.65 542.7 23440.752 -42.471 23514.963 -51.226402 -16.183144
475800.31 8210625.03 546.09 23444.273 -43.646 23514.773 -51.226391 -16.184605
475800.49 8210465.25 554.21 23410.79 -69.679 23514.584 -51.226391 -16.18605
475801.85 8210308.24 566.58 23422.475 -51.127 23514.399 -51.22638 -16.187469
475802.61 8210154.6 580.99 23448.789 -25.218 23514.218 -51.226374 -16.188858
475803.97 8210004.35 599.89 23461.748 -8.274 23514.041 -51.226363 -16.190217
475805.02 8209858.09 618.13 23504.219 41.737 23513.869 -51.226355 -16.191539
475804.58 8209714.59 633.46 23548.7 84.522 23513.7 -51.22636 -16.192836
475803.55 8209573.56 646.82 23584.719 119.173 23513.533 -51.226371 -16.194111
476248.13 8209480.02 644.12 23591.534 112.883 23513.522 -51.222213 -16.194961
476247.66 8209637.34 643.98 23567.364 85.649 23513.707 -51.222216 -16.193539
476248.38 8209795.89 635.12 23531.652 44.52 23513.894 -51.222208 -16.192105
476251.17 8209957.21 619.71 23484.515 -5.068 23514.085 -51.22218 -16.190647
476254.56 8210122.83 599.2 23440.898 -47.897 23514.281 -51.222146 -16.18915
476260.61 8210292.45 575.78 23416.24 -71.357 23514.482 -51.222088 -16.187617
476270.81 8210466.38 560.87 23389.669 -107.875 23514.69 -51.221991 -16.186044
476285.47 8210641.84 550.55 23365.944 -122.486 23514.9 -51.221852 -16.184458
476300.42 8210818.23 538.33 23361.875 -133.606 23515.112 -51.22171 -16.182864
476311.81 8210996.77 523.93 23345.536 -155.633 23515.325 -51.221602 -16.18125
476317.26 8211176.83 518.25 23294.812 -212.648 23515.538 -51.221549 -16.179622
476318.25 8211355.97 525.41 23293.307 -199.617 23515.75 -51.221538 -16.178003
476313.61 8211530.8 541.53 23314.643 -180.958 23515.956 -51.22158 -16.176422
476306.6 8211701.02 558.63 23351.061 -138.388 23516.155 -51.221644 -16.174883
476299.29 8211867.25 573.02 23381.224 -115.54 23516.35 -51.22171 -16.173381
476297.93 8212029.49 588.7 23390.281 -100.474 23516.541 -51.221721 -16.171914
476297.16 8212187.42 605.23 23423.334 -62.12 23516.727 -51.221727 -16.170486
476294.92 8212341.67 622.22 23474.078 -3.471 23516.909 -51.221746 -16.169092
476291.78 8212492.23 636.26 23541.73 70.186 23517.086 -51.221774 -16.167731
476287.76 8212641.55 643.39 23617.184 148.149 23517.262 -51.22181 -16.166381
476282.85 8212790.88 641.52 23687.534 223.72 23517.437 -51.221855 -16.165031
476277.04 8212942.05 635.29 23771.323 315.878 23517.615 -51.221908 -16.163664
476270.64 8213094.14 631.22 23887.923 441.003 23517.793 -51.221966 -16.162289
476264.84 8213247.46 625.74 23994.922 542.09 23517.973 -51.222019 -16.160903
476264.07 8213403.25 618.61 24057.861 599.928 23518.157 -51.222024 -16.159494
476266.28 8213561.49 610.75 24091.588 631.254 23518.345 -51.222002 -16.158064
476270.86 8213721.89 603.57 24113.29 651.16 23518.536 -51.221958 -16.156614
476276.62 8213884.75 598.08 24111.087 642.909 23518.729 -51.221902 -16.155142
476283.27 8214048.84 592.66 24099.201 635.456 23518.925 -51.221838 -16.153658
476289.03 8214214.16 589.67 24108.802 637.658 23519.122 -51.221783 -16.152164
476292.72 8214379.47 589.97 24082.483 604.032 23519.318 -51.221747 -16.15067
476295.51 8214544.48 587.07 24038.093 553.996 23519.514 -51.221719 -16.149178
476297.41 8214710.4 581.28 23980.222 488.911 23519.711 -51.221699 -16.147678
476298.12 8214877.56 578.59 23890.291 388.592 23519.909 -51.221691 -16.146167
476298.83 8215045.64 573.02 23781.442 285.628 23520.109 -51.221683 -16.144647
476300.73 8215214.64 566.93 23796.363 343.833 23520.309 -51.221663 -16.14312
476303.81 8215384.56 560.97 23984.539 541.924 23520.511 -51.221633 -16.141583
476306.0 8215555.71 552.94 24258.195 823.903 23520.714 -51.22161 -16.140036
476307.0 8215728.09 545.67 24397.877 899.031 23520.919 -51.221599 -16.138478
476306.22 8215901.39 544.6 24291.511 768.64 23521.124 -51.221605 -16.136911
476305.74 8216073.76 547.42 24154.395 638.122 23521.328 -51.221608 -16.135353
476307.64 8216243.99 551.58 24057.443 545.326 23521.53 -51.221588 -16.133814
476311.31 8216412.99 551.21 23977.843 471.121 23521.732 -51.221552 -16.132286
476314.99 8216582.61 541.99 23953.652 462.481 23521.934 -51.221516 -16.130753
476316.89 8216754.37 531.56 23975.542 478.985 23522.138 -51.221497 -16.1292
476314.62 8216927.98 518.49 23958.334 452.808 23522.343 -51.221516 -16.127631
476307.6 8217103.42 506.86 23932.198 433.838 23522.55 -51.22158 -16.126045
476829.03 8217218.28 512.04 23872.058 390.878 23522.801 -51.216702 -16.125011
476827.7 8217071.1 527.74 23893.11 416.562 23522.626 -51.216716 -16.126342
476825.18 8216926.37 541.07 23923.254 444.881 23522.454 -51.216741 -16.12765
476822.66 8216784.1 551.93 23947.654 469.206 23522.284 -51.216766 -16.128936
476820.43 8216643.37 561.42 23960.375 480.382 23522.117 -51.216788 -16.130209
476818.8 8216503.56 569.17 23971.146 494.598 23521.951 -51.216805 -16.131472
476815.97 8216364.67 577.34 23993.19 520.253 23521.786 -51.216833 -16.132728
476811.66 8216226.4 584.36 24030.98 565.766 23521.621 -51.216874 -16.133978
476806.17 8216088.74 588.85 24092.182 630.059 23521.456 -51.216927 -16.135222
476798.59 8215950.77 591.23 24156.366 695.765 23521.291 -51.216999 -16.13647
476792.2 8215810.95 586.87 24233.512 775.888 23521.124 -51.21706 -16.137733
476789.98 8215668.38 580.33 24266.049 786.248 23520.955 -51.217083 -16.139022
476793.7 8215523.04 572.76 24181.389 682.888 23520.783 -51.217049 -16.140336
476802.17 8215375.26 568.03 24001.838 498.383 23520.61 -51.216972 -16.141672
476813.91 8215226.24 567.42 23818.237 323.967 23520.436 -51.216863 -16.14302
476826.54 8215076.93 571.06 23762.593 313.85 23520.262 -51.216747 -16.14437
476837.39 8214926.38 569.97 23862.019 434.555 23520.086 -51.216647 -16.145731
476844.97 8214774.29 567.96 24033.562 604.904 23519.908 -51.216577 -16.147106
476846.32 8214620.96 567.57 24160.116 724.472 23519.727 -51.216566 -16.148492
476842.92 8214467.32 567.9 24252.007 813.745 23519.544 -51.216599 -16.149881
476835.95 8214314.3 569.68 24315.871 877.457 23519.361 -51.216666 -16.151264
476824.24 8214162.49 574.71 24360.133 914.56 23519.179 -51.216777 -16.152636
476811.63 8214011.3 575.54 24393.539 954.398 23518.998 -51.216897 -16.154003
476801.09 8213860.12 574.96 24441.479 1002.808 23518.816 -51.216997 -16.15537
476795.32 8213707.7 573.09 24473.323 1032.378 23518.635 -51.217052 -16.156747
476792.51 8213554.07 568.71 24501.671 1059.308 23518.452 -51.21708 -16.158136
476794.16 8213399.51 569.91 24512.724 1065.858 23518.27 -51.217066 -16.159533
476799.96 8213248.04 581.17 24488.453 1028.936 23518.092 -51.217013 -16.160903
476805.76 8213100.25 597.05 24407.265 935.255 23517.919 -51.21696 -16.162239
476808.88 8212955.22 612.17 24257.515 765.564 23517.748 -51.216933 -16.16355
476810.52 8212812.34 622.23 24061.268 574.556 23517.58 -51.216919 -16.164842
476810.96 8212670.38 626.31 23907.872 416.89 23517.412 -51.216916 -16.166125
476809.63 8212526.89 623.52 23729.003 227.52 23517.242 -51.21693 -16.167422
476805.92 8212380.93 611.62 23524.958 18.166 23517.069 -51.216966 -16.168742
476800.74 8212230.67 597.37 23331.21 -173.91 23516.89 -51.217016 -16.1701
476794.96 8212076.41 583.55 23171.725 -324.717 23516.707 -51.217071 -16.171494
476790.97 8211918.17 570.48 23085.938 -398.357 23516.519 -51.21711 -16.172925
476787.28 8211756.54 556.38 23057.671 -418.509 23516.327 -51.217146 -16.174386
476785.97 8211592.46 541.93 23045.729 -431.35 23516.133 -51.21716 -16.175869
476787.63 8211425.92 531.46 23055.963 -406.818 23515.937 -51.217146 -16.177375
476790.78 8211258.46 523.59 23107.542 -353.035 23515.74 -51.217119 -16.178889
476794.22 8211090.39 516.81 23134.261 -325.118 23515.542 -51.217088 -16.180408
476797.67 8210922.31 516.72 23188.287 -259.705 23515.345 -51.217058 -16.181928
476799.92 8210755.16 517.92 23229.822 -221.532 23515.148 -51.217038 -16.183439
476800.99 8210589.85 524.72 23276.112 -166.177 23514.953 -51.21703 -16.184933
476799.38 8210427.61 538.69 23320.44 -123.142 23514.762 -51.217046 -16.1864
476795.09 8210268.44 551.71 23354.002 -88.622 23514.573 -51.217088 -16.187839
476790.8 8210111.42 563.7 23388.294 -52.345 23514.387 -51.21713 -16.189258
476787.41 8209956.86 576.47 23419.927 -21.096 23514.204 -51.217163 -16.190655
476786.68 8209804.76 588.55 23454.436 16.798 23514.024 -51.217171 -16.19203
476789.21 8209655.43 601.32 23506.13 70.166 23513.849 -51.217149 -16.19338
476793.82 8209508.87 611.37 23548.595 105.537 23513.677 -51.217108 -16.194705
477311.96 8209477.77 600.22 23580.559 108.339 23513.756 -51.21226 -16.194992
477312.96 8209653.52 590.21 23536.095 62.755 23513.963 -51.212249 -16.193403
477312.78 8209830.51 577.58 23484.375 13.78 23514.172 -51.212249 -16.191803
477312.3 8210008.73 564.03 23439.234 -28.425 23514.382 -51.212252 -16.190192
477311.22 8210188.48 551.45 23397.599 -69.604 23514.594 -51.21226 -16.188567
477310.44 8210369.15 542.57 23352.064 -117.909 23514.806 -51.212266 -16.186933
477309.07 8210550.13 539.52 23289.311 -183.698 23515.019 -51.212277 -16.185297
477305.91 8210730.19 540.47 23232.315 -240.491 23515.231 -51.212305 -16.183669
477302.16 8210909.32 539.06 23163.979 -318.296 23515.442 -51.212338 -16.18205
477298.42 8211087.23 535.97 23063.775 -427.05 23515.651 -51.212372 -16.180442
477294.97 8211264.52 528.77 22945.133 -552.55 23515.859 -51.212402 -16.178839
477293.59 8211442.12 522.78 22792.435 -719.835 23516.068 -51.212413 -16.177233
477296.38 8211618.49 518.73 22580.066 -948.279 23516.277 -51.212385 -16.175639
477302.73 8211794.26 516.35 22330.627 -1196.887 23516.486 -51.212324 -16.17405
477310.87 8211969.41 515.21 22132.026 -1374.182 23516.695 -51.212247 -16.172467
477318.41 8212143.02 518.08 22271.447 -1090.528 23516.902 -51.212174 -16.170897
477320.01 8212313.25 532.32 23031.995 -276.03 23517.103 -51.212158 -16.169358
477319.25 8212479.18 545.87 23888.76 581.17 23517.299 -51.212163 -16.167858
477316.41 8212641.72 559.22 24723.512 1395.55 23517.49 -51.212188 -16.166389
477310.6 8212801.19 570.69 25282.34 1862.815 23517.677 -51.212241 -16.164947
477303.31 8212959.11 576.56 25499.386 2076.516 23517.862 -51.212308 -16.163519
477295.72 8213116.74 573.17 25572.364 2085.115 23518.047 -51.212377 -16.162094
477288.13 8213277.12 557.52 25473.777 1991.547 23518.235 -51.212447 -16.160644
477282.32 8213440.58 534.51 25412.899 1941.553 23518.427 -51.212499 -16.159167
477280.96 8213608.96 512.42 25360.475 1870.199 23518.626 -51.21251 -16.157644
477286.13 8213780.43 503.78 25207.277 1702.028 23518.83 -51.21246 -16.156094
477296.05 8213951.58 505.33 25052.394 1544.622 23519.034 -51.212366 -16.154547
477308.05 8214120.29 513.13 24883.361 1367.637 23519.236 -51.212252 -16.153022
477320.05 8214287.15 515.36 24750.224 1249.921 23519.437 -51.212138 -16.151514
477331.17 8214454.0 513.54 24620.394 1106.827 23519.636 -51.212033 -16.150006
477341.39 8214621.17 510.75 24492.337 980.46 23519.837 -51.211935 -16.148495
477351.31 8214788.33 510.02 24375.676 865.198 23520.037 -51.211841 -16.146983
477360.05 8214955.5 509.74 24276.986 772.369 23520.236 -51.211758 -16.145472
477366.41 8215122.66 504.68 24194.391 690.957 23520.436 -51.211697 -16.143961
477361.78 8215290.42 500.13 24116.956 618.336 23520.633 -51.211738 -16.142445
477351.51 8215458.49 495.14 24070.209 585.832 23520.83 -51.211833 -16.140925
477339.76 8215627.47 489.71 24068.262 591.994 23521.028 -51.211941 -16.139397
477328.0 8215797.68 483.15 24086.675 613.68 23521.227 -51.212049 -16.137858
477316.24 8215967.9 480.79 24090.948 614.88 23521.426 -51.212158 -16.13632
477302.4 8216136.88 486.13 24068.149 585.824 23521.623 -51.212286 -16.134792
477287.38 8216304.33 488.11 24037.358 554.795 23521.818 -51.212424 -16.133278
477271.17 8216470.54 488.67 23996.945 513.866 23522.012 -51.212574 -16.131775
477258.82 8216636.76 486.69 23988.31 512.673 23522.206 -51.212688 -16.130272
477253.3 8216802.99 486.04 23968.345 476.976 23522.402 -51.212738 -16.12877
477254.02 8216969.22 486.54 23932.156 444.205 23522.599 -51.21273 -16.127267
477258.31 8217134.84 485.4 23903.137 413.073 23522.797 -51.212688 -16.12577
477807.4 8217219.9 471.49 23818.319 361.71 23523.019 -51.207552 -16.125006
477802.5 8217069.64 470.46 23834.584 373.481 23522.84 -51.207599 -16.126364
477797.3 8216920.0 469.91 23836.641 384.232 23522.661 -51.207649 -16.127717
477792.41 8216770.05 469.16 23893.566 438.907 23522.482 -51.207697 -16.129072
477788.7 8216620.1 469.18 23920.502 462.122 23522.304 -51.207733 -16.130428
477786.18 8216470.15 468.92 23945.477 485.004 23522.125 -51.207758 -16.131783
477784.84 8216319.28 467.03 23977.947 521.114 23521.946 -51.207772 -16.133147
477785.59 8216167.18 463.1 24031.479 575.866 23521.766 -51.207766 -16.134522
477786.34 8216013.85 459.38 24087.826 628.697 23521.584 -51.207761 -16.135908
477788.28 8215860.53 460.44 24106.707 643.938 23521.403 -51.207744 -16.137295
477790.21 8215707.21 464.37 24152.205 688.528 23521.222 -51.207727 -16.138681
477792.45 8215554.8 467.88 24176.363 707.54 23521.042 -51.207708 -16.140058
477795.57 8215402.71 471.3 24184.705 717.377 23520.863 -51.20768 -16.141433
477799.58 8215250.92 473.33 24211.782 748.989 23520.684 -51.207644 -16.142806
477804.19 8215098.83 473.94 24275.656 817.513 23520.505 -51.207602 -16.144181
477808.8 8214947.35 476.07 24364.699 914.462 23520.326 -51.207561 -16.14555
477810.73 8214796.79 480.63 24470.776 1023.102 23520.149 -51.207544 -16.146911
477809.4 8214647.76 484.47 24605.599 1162.673 23519.972 -51.207558 -16.148258
477804.8 8214499.35 488.21 24744.804 1305.649 23519.795 -51.207602 -16.1496
477797.82 8214352.16 491.93 24906.627 1476.734 23519.619 -51.207669 -16.150931
477791.43 8214205.89 497.39 25087.002 1655.405 23519.445 -51.20773 -16.152253
477786.83 8214060.55 501.74 25276.421 1852.214 23519.272 -51.207774 -16.153567
477784.3 8213915.21 501.63 25491.802 2080.985 23519.1 -51.207799 -16.154881
477782.07 8213768.95 500.06 25802.848 2420.376 23518.926 -51.207822 -16.156203
477779.85 8213622.07 497.1 26227.644 2853.71 23518.752 -51.207844 -16.157531
477777.62 8213473.97 491.44 26589.344 3185.082 23518.576 -51.207866 -16.158869
477777.48 8213325.56 492.82 26855.416 3412.614 23518.401 -51.207869 -16.160211
477779.11 8213177.76 496.87 27140.097 3820.177 23518.226 -51.207855 -16.161547
477780.74 8213032.73 506.85 27751.354 4297.343 23518.055 -51.207841 -16.162858
477782.67 8212889.24 515.97 27205.223 3479.773 23517.886 -51.207824 -16.164156
477785.49 8212746.36 518.76 25490.679 1661.136 23517.718 -51.207799 -16.165447
477789.49 8212602.57 518.85 23906.599 262.548 23517.549 -51.207763 -16.166747
477792.61 8212458.15 519.19 23331.041 -171.711 23517.379 -51.207735 -16.168053
477793.94 8212313.12 518.93 23018.211 -536.003 23517.208 -51.207724 -16.169364
477794.09 8212167.79 517.14 22373.49 -1284.065 23517.037 -51.207724 -16.170678
477793.64 8212021.22 515.44 21276.775 -2350.751 23516.863 -51.20773 -16.172003
477792.9 8211873.73 513.98 20739.473 -2702.148 23516.689 -51.207738 -16.173336
477793.35 8211725.01 513.43 21128.862 -2158.676 23516.514 -51.207735 -16.174681
477794.98 8211575.68 514.5 21942.679 -1389.686 23516.338 -51.207722 -16.17603
477797.21 8211425.73 514.41 22309.563 -1068.141 23516.161 -51.207702 -16.177386
477799.45 8211274.25 513.82 22630.129 -753.218 23515.983 -51.207683 -16.178755
477800.79 8211121.85 512.85 22853.141 -547.924 23515.803 -51.207672 -16.180133
477800.95 8210967.29 506.28 22998.325 -411.485 23515.621 -51.207672 -16.18153
477800.21 8210810.28 499.56 23099.865 -313.679 23515.436 -51.20768 -16.18295
477798.59 8210651.11 491.96 23184.309 -229.563 23515.248 -51.207697 -16.184389
477795.49 8210490.41 488.51 23259.488 -154.976 23515.057 -51.207727 -16.185842
477790.9 8210328.78 491.08 23332.562 -84.899 23514.866 -51.207772 -16.187303
477785.72 8210167.76 494.51 23380.296 -43.185 23514.675 -51.207822 -16.188758
477781.13 8210007.98 504.0 23404.494 -19.825 23514.485 -51.207866 -16.190203
477779.21 8209851.27 519.02 23445.211 23.967 23514.3 -51.207885 -16.191619
477778.18 8209697.63 535.2 23486.016 59.229 23514.119 -51.207897 -16.193008
477778.33 8209546.46 549.22 23513.525 86.82 23513.941 -51.207897 -16.194375
478295.91 8209481.22 537.95 23601.616 141.109 23513.98 -51.203055 -16.194969
478298.4 8209670.5 531.32 23560.753 101.47 23514.203 -51.20303 -16.193258
478302.07 8209859.47 525.52 23513.507 49.228 23514.427 -51.202994 -16.19155
478305.15 8210047.83 520.29 23458.088 -0.739 23514.649 -51.202963 -16.189847
478305.56 8210236.19 515.31 23430.995 -27.313 23514.872 -51.202958 -16.188144
478303.29 8210423.93 510.22 23386.495 -80.742 23515.092 -51.202977 -16.186447
478298.95 8210611.36 504.93 23316.687 -151.848 23515.312 -51.203016 -16.184753
478293.72 8210798.48 499.47 23237.562 -237.988 23515.532 -51.203063 -16.183061
478289.67 8210985.3 494.28 23098.811 -390.958 23515.751 -51.203099 -16.181372
478287.11 8211172.11 490.53 22935.505 -559.114 23515.971 -51.203122 -16.179683
478286.04 8211358.01 488.62 22690.909 -845.364 23516.19 -51.20313 -16.178003
478286.15 8211542.99 487.75 22292.264 -1243.739 23516.409 -51.203127 -16.17633
478287.75 8211726.43 487.17 21495.273 -2223.467 23516.625 -51.20311 -16.174672
478290.54 8211908.95 486.79 20186.698 -3506.636 23516.842 -51.203083 -16.173022
478294.22 8212089.93 487.59 20190.883 -2685.251 23517.056 -51.203047 -16.171386
478297.61 8212269.38 491.59 22280.118 -1151.622 23517.269 -51.203013 -16.169764
478300.4 8212446.06 498.56 22323.609 -1131.512 23517.478 -51.202986 -16.168167
478302.9 8212619.98 505.31 22891.036 -335.879 23517.684 -51.202961 -16.166594
478304.81 8212792.36 509.51 23327.745 -133.993 23517.888 -51.202941 -16.165036
478305.24 8212963.2 510.55 25421.4 2785.074 23518.09 -51.202936 -16.163492
478304.47 8213133.73 509.24 28360.791 5090.808 23518.291 -51.202941 -16.16195
478304.01 8213303.65 506.89 28612.121 4959.868 23518.492 -51.202944 -16.160414
478303.54 8213473.88 503.75 27631.973 4021.648 23518.693 -51.202947 -16.158875
478302.78 8213644.41 500.28 26889.144 3222.978 23518.895 -51.202952 -16.157333
478300.83 8213814.94 497.15 26060.096 2485.899 23519.096 -51.202969 -16.155792
478297.99 8213985.48 494.62 25788.747 2288.451 23519.297 -51.202994 -16.15425
478294.56 8214155.7 492.99 25717.917 2232.33 23519.497 -51.203024 -16.152711
478291.42 8214325.61 492.56 25630.773 2081.284 23519.698 -51.203052 -16.151175
478289.17 8214494.92 493.39 25242.935 1681.366 23519.898 -51.203072 -16.149645
478287.52 8214663.61 494.73 24914.561 1375.636 23520.097 -51.203086 -16.14812
478287.06 8214831.68 495.91 24678.389 1151.537 23520.296 -51.203088 -16.1466
478288.08 8214999.14 496.45 24502.373 987.213 23520.494 -51.203077 -16.145086
478290.59 8215166.61 495.79 24368.507 855.465 23520.693 -51.203052 -16.143572
478293.99 8215334.07 492.79 24258.656 758.966 23520.892 -51.203019 -16.142058
478298.87 8215502.46 486.83 24201.437 703.217 23521.092 -51.202972 -16.140536
478303.16 8215671.77 478.93 24146.652 650.421 23521.294 -51.20293 -16.139006
478305.96 8215842.92 470.93 24091.537 595.078 23521.497 -51.202902 -16.137458
478306.38 8216015.3 464.03 24047.23 554.581 23521.701 -51.202897 -16.1359
478304.73 8216188.59 458.43 24011.969 519.387 23521.906 -51.202911 -16.134333
478302.47 8216362.5 454.72 23975.082 481.17 23522.112 -51.20293 -16.132761
478299.33 8216535.8 454.02 23949.131 458.293 23522.317 -51.202958 -16.131195
478295.6 8216708.79 456.23 23913.503 419.918 23522.521 -51.202991 -16.129631
478291.87 8216880.55 459.63 23888.536 395.991 23522.724 -51.203024 -16.128078
478288.73 8217051.38 461.88 23847.503 357.479 23522.926 -51.203052 -16.126534
478781.61 8217214.72 459.21 23813.763 317.876 23523.229 -51.198441 -16.125061
478786.81 8217061.4 463.03 23832.122 337.803 23523.048 -51.198394 -16.126447
478791.41 8216908.38 464.95 23855.185 360.512 23522.868 -51.198352 -16.127831
478795.71 8216755.67 466.52 23884.781 391.999 23522.687 -51.198313 -16.129211
478798.83 8216602.66 465.82 23912.632 415.836 23522.507 -51.198286 -16.130595
478800.17 8216449.33 465.84 23925.407 428.652 23522.325 -51.198275 -16.131981
478798.24 8216296.31 468.11 23948.936 453.436 23522.144 -51.198294 -16.133364
478793.63 8216143.59 471.09 23981.34 488.126 23521.962 -51.198338 -16.134745
478787.54 8215991.49 473.67 24020.537 526.008 23521.78 -51.198397 -16.13612
478781.15 8215840.0 476.11 24051.972 554.235 23521.599 -51.198458 -16.137489
478776.55 8215688.51 478.38 24079.104 581.958 23521.419 -51.198502 -16.138858
478774.02 8215537.34 480.07 24119.664 626.586 23521.239 -51.198527 -16.140225
478775.06 8215386.16 481.58 24168.712 672.924 23521.06 -51.198519 -16.141592
478776.69 8215234.68 482.15 24219.185 728.497 23520.881 -51.198505 -16.142961
478779.51 8215082.89 481.07 24297.402 811.694 23520.702 -51.19848 -16.144333
478782.03 8214929.57 477.89 24401.954 921.217 23520.521 -51.198458 -16.14572
478784.26 8214775.63 476.02 24524.881 1047.022 23520.34 -51.198438 -16.147111
478785.6 8214620.77 476.04 24663.954 1195.838 23520.157 -51.198427 -16.148511
478784.26 8214465.6 476.6 24863.563 1410.867 23519.973 -51.198441 -16.149914
478779.66 8214310.73 477.52 25117.919 1665.775 23519.789 -51.198486 -16.151314
478771.49 8214156.16 480.46 25278.909 1780.284 23519.604 -51.198563 -16.152711
478762.44 8214001.91 482.05 25236.241 1722.326 23519.42 -51.198649 -16.154106
478756.05 8213847.34 482.35 25142.748 1658.86 23519.235 -51.198711 -16.155503
478750.86 8213692.48 482.44 25591.921 2267.833 23519.051 -51.198761 -16.156903
478747.15 8213537.92 482.98 26304.951 2872.563 23518.868 -51.198797 -16.1583
478746.41 8213383.05 484.56 26538.021 3159.861 23518.684 -51.198805 -16.1597
478749.52 8213228.81 487.24 27136.088 3676.784 23518.503 -51.198777 -16.161094
478757.69 8213075.18 489.96 26905.952 3292.018 23518.323 -51.198702 -16.162483
478767.34 8212921.86 491.24 26291.224 2736.119 23518.144 -51.198613 -16.163869
478776.4 8212768.24 492.95 25522.45 1712.613 23517.965 -51.19853 -16.165258
478783.97 8212614.92 496.08 24005.883 288.608 23517.785 -51.198461 -16.166644
478792.43 8212461.29 497.28 22691.416 -1123.705 23517.606 -51.198383 -16.168033
478800.6 8212306.74 496.52 21121.993 -2619.132 23517.425 -51.198308 -16.169431
478809.07 8212151.27 494.54 20402.776 -3039.033 23517.243 -51.19823 -16.170836
478816.05 8211994.57 491.28 20962.61 -2356.0 23517.06 -51.198166 -16.172253
478819.47 8211835.72 487.65 21773.623 -1577.415 23516.873 -51.198136 -16.173689
478816.95 8211675.63 485.33 22096.204 -1404.087 23516.684 -51.198161 -16.175136
478809.98 8211514.31 482.74 22050.139 -1373.337 23516.492 -51.198227 -16.176594
478799.74 8211352.06 479.91 22478.138 -903.749 23516.298 -51.198324 -16.178061
478788.91 8211188.28 477.57 22848.187 -575.953 23516.102 -51.198427 -16.179542
478777.49 8211023.57 473.37 23019.896 -419.468 23515.906 -51.198536 -16.18103
478766.67 8210857.33 469.38 23181.95 -259.729 23515.707 -51.198638 -16.182533
478757.33 8210691.08 474.11 23281.832 -166.137 23515.509 -51.198727 -16.184036
478748.87 8210526.99 485.5 23369.994 -81.53 23515.314 -51.198808 -16.185519
478741.31 8210365.36 499.19 23424.508 -29.852 23515.121 -51.19888 -16.18698
478737.01 8210206.19 511.78 23475.55 19.147 23514.933 -51.198922 -16.188419
478738.95 8210048.87 523.14 23511.437 52.286 23514.748 -51.198905 -16.189842
478746.22 8209893.4 531.88 23541.348 80.703 23514.566 -51.198838 -16.191247
478757.66 8209739.16 540.53 23563.046 101.782 23514.387 -51.198733 -16.192642
478767.9 8209586.46 550.96 23584.666 121.947 23514.209 -51.198638 -16.194022
479327.68 8209478.84 543.82 23707.654 211.166 23514.208 -51.193402 -16.195
479307.61 8209667.48 531.93 23666.11 168.143 23514.426 -51.193588 -16.193294
479285.16 8209857.05 521.2 23634.838 142.66 23514.644 -51.193797 -16.19158
479265.09 8210047.23 517.01 23614.884 117.842 23514.864 -51.193983 -16.189861
479252.14 8210236.8 516.85 23558.914 56.175 23515.084 -51.194102 -16.188147
479247.8 8210425.46 519.01 23493.872 -4.376 23515.306 -51.194141 -16.186442
479250.89 8210612.9 518.72 23441.029 -58.933 23515.527 -51.194111 -16.184747
479259.92 8210798.19 523.54 23363.073 -144.283 23515.748 -51.194024 -16.183072
479271.33 8210979.18 537.45 23256.254 -259.331 23515.964 -51.193916 -16.181436
479283.93 8211155.26 557.28 23096.894 -434.072 23516.174 -51.193797 -16.179844
479297.73 8211325.5 579.77 22877.05 -666.262 23516.378 -51.193666 -16.178305
479311.53 8211490.82 598.89 22622.244 -922.333 23516.576 -51.193536 -16.176811
479322.66 8211653.38 614.51 22426.578 -1092.77 23516.77 -51.19343 -16.175342
479327.85 8211813.47 625.21 22417.823 -1064.108 23516.961 -51.19338 -16.173894
479328.3 8211972.02 633.11 22518.967 -973.803 23517.148 -51.193374 -16.172461
479323.99 8212129.64 638.12 22503.847 -1016.531 23517.333 -51.193413 -16.171036
479314.34 8212287.57 636.67 22489.684 -998.659 23517.517 -51.193502 -16.169608
479300.53 8212447.34 625.86 22485.852 -1035.624 23517.703 -51.19363 -16.168164
479285.82 8212610.48 608.68 22389.057 -1114.482 23517.892 -51.193766 -16.166689
479273.79 8212778.55 587.81 22497.282 -908.098 23518.088 -51.193877 -16.165169
479266.79 8212950.92 566.97 23262.174 -15.765 23518.29 -51.193941 -16.163611
479266.63 8213127.6 546.74 24088.266 673.617 23518.499 -51.193941 -16.162014
479271.51 8213307.97 529.84 24317.99 862.94 23518.713 -51.193894 -16.160383
479279.35 8213490.18 521.3 24522.829 1095.49 23518.93 -51.193819 -16.158736
479289.57 8213673.02 516.74 24709.161 1218.557 23519.148 -51.193722 -16.157083
479301.87 8213856.16 512.77 24598.823 1083.887 23519.368 -51.193605 -16.155428
479313.88 8214039.31 506.69 24470.728 966.457 23519.587 -51.193491 -16.153772
479322.61 8214223.37 501.17 24401.079 901.066 23519.806 -51.193408 -16.152108
479327.49 8214407.73 496.1 24352.584 848.227 23520.026 -51.193361 -16.150442
479328.8 8214592.4 490.55 24294.963 789.237 23520.244 -51.193347 -16.148772
479328.03 8214777.68 485.48 24256.298 745.343 23520.463 -51.193352 -16.147097
479326.07 8214962.66 481.31 24198.568 681.102 23520.682 -51.193369 -16.145425
479324.71 8215147.32 482.15 24174.391 659.072 23520.9 -51.19338 -16.143756
479324.54 8215330.76 484.52 24132.755 606.452 23521.117 -51.19338 -16.142097
479322.29 8215512.97 486.34 24077.051 550.262 23521.332 -51.1934 -16.14045
479317.07 8215694.25 487.42 24037.252 513.081 23521.546 -51.193447 -16.138811
479311.26 8215874.92 487.19 24019.899 495.025 23521.759 -51.1935 -16.137178
479306.34 8216055.28 484.67 23993.008 465.1 23521.971 -51.193544 -16.135547
479303.79 8216235.65 480.37 23951.669 426.055 23522.184 -51.193566 -16.133917
479303.03 8216416.63 475.48 23929.205 404.898 23522.398 -51.193572 -16.132281
479305.23 8216598.22 469.46 23901.957 377.334 23522.614 -51.19355 -16.130639
479308.62 8216780.13 465.43 23867.747 341.895 23522.83 -51.193516 -16.128995
479311.13 8216962.03 462.28 23838.89 316.147 23523.047 -51.193491 -16.12735
479310.66 8217144.24 459.5 23818.001 295.485 23523.263 -51.193494 -16.125703
479797.69 8217216.9 460.13 23765.525 270.698 23523.457 -51.188938 -16.12505
479795.16 8217063.57 462.58 23785.754 290.093 23523.275 -51.188963 -16.126436
479791.44 8216910.55 464.62 23794.442 294.437 23523.092 -51.189 -16.12782
479788.01 8216757.53 466.0 23802.256 307.719 23522.91 -51.189033 -16.129203
479785.78 8216604.2 466.1 23822.973 328.853 23522.728 -51.189055 -16.130589
479784.73 8216450.57 464.87 23843.079 349.839 23522.546 -51.189066 -16.131978
479785.17 8216296.93 464.06 23862.081 367.781 23522.364 -51.189063 -16.133367
479786.5 8216143.3 466.15 23879.701 389.183 23522.182 -51.189052 -16.134756
479788.72 8215990.28 469.39 23900.088 410.783 23522.002 -51.189033 -16.136139
479792.72 8215837.57 470.79 23921.085 433.244 23521.822 -51.188997 -16.13752
479798.21 8215684.56 469.13 23931.296 443.857 23521.642 -51.188947 -16.138903
479803.4 8215530.93 467.48 23949.064 466.69 23521.461 -51.1889 -16.140292
479807.1 8215376.38 466.77 23963.457 480.179 23521.279 -51.188866 -16.141689
479806.95 8215221.21 465.01 23974.459 495.927 23521.095 -51.188869 -16.143092
479800.86 8215065.11 461.05 23997.953 520.907 23520.909 -51.188927 -16.144503
479790.31 8214907.78 455.86 24011.479 533.413 23520.72 -51.189027 -16.145925
479777.69 8214748.91 448.3 24010.878 529.055 23520.53 -51.189147 -16.147361
479765.06 8214588.2 440.65 24001.062 525.357 23520.337 -51.189266 -16.148814
479754.52 8214427.18 440.4 24022.925 552.009 23520.144 -51.189366 -16.150269
479748.73 8214267.4 449.37 24032.226 548.499 23519.954 -51.189422 -16.151714
479747.98 8214110.38 460.96 23992.654 510.29 23519.768 -51.18943 -16.153133
479749.61 8213956.44 473.43 23958.202 470.973 23519.586 -51.189416 -16.154525
479753.31 8213805.27 485.2 23907.711 423.358 23519.408 -51.189383 -16.155892
479759.69 8213656.25 495.56 23856.137 362.274 23519.234 -51.189325 -16.157239
479767.54 8213509.08 505.72 23757.689 250.477 23519.061 -51.189252 -16.158569
479773.91 8213362.82 512.95 23607.98 89.008 23518.89 -51.189194 -16.159892
479777.61 8213217.18 516.68 23429.022 -88.734 23518.719 -51.189161 -16.161208
479778.34 8213070.92 517.22 23247.351 -281.405 23518.546 -51.189155 -16.162531
479776.69 8212923.43 515.33 23065.182 -457.246 23518.371 -51.189172 -16.163864
479773.56 8212775.02 511.76 22920.116 -599.199 23518.195 -51.189202 -16.165206
479770.73 8212626.6 515.77 22824.837 -685.803 23518.02 -51.18923 -16.166547
479767.0 8212480.96 529.46 22779.794 -724.663 23517.847 -51.189266 -16.167864
479762.68 8212338.99 547.46 22764.82 -740.741 23517.678 -51.189308 -16.169147
479758.06 8212201.64 566.27 22756.878 -749.945 23517.515 -51.189352 -16.170389
479755.21 8212068.59 583.97 22741.746 -759.889 23517.357 -51.18938 -16.171592
479755.92 8211938.62 598.47 22746.152 -758.767 23517.204 -51.189374 -16.172767
479759.31 8211809.57 604.73 22782.518 -709.931 23517.053 -51.189344 -16.173933
479762.99 8211678.98 600.18 22851.102 -637.281 23516.899 -51.189311 -16.175114
479767.27 8211544.71 587.08 22930.84 -554.847 23516.742 -51.189272 -16.176328
479772.15 8211405.21 567.96 23016.237 -463.812 23516.578 -51.189227 -16.177589
479775.26 8211259.57 548.13 23116.091 -358.189 23516.407 -51.189199 -16.178905
479777.48 8211108.4 529.33 23222.824 -247.665 23516.229 -51.18918 -16.180272
479777.92 8210952.61 512.11 23322.742 -148.381 23516.046 -51.189177 -16.18168
479775.99 8210793.14 498.34 23389.474 -87.547 23515.857 -51.189197 -16.183122
479771.68 8210630.28 488.92 23422.502 -55.864 23515.664 -51.189238 -16.184594
479765.89 8210465.89 483.57 23458.096 -12.41 23515.469 -51.189294 -16.18608
479761.89 8210299.96 481.25 23534.511 71.954 23515.273 -51.189333 -16.18758
479759.37 8210134.03 480.22 23610.777 135.216 23515.077 -51.189358 -16.18908
479757.15 8209968.41 480.52 23638.613 158.248 23514.881 -51.18938 -16.190578
479758.19 8209803.1 481.11 23660.187 183.519 23514.687 -51.189372 -16.192072
479763.39 8209638.1 480.71 23706.351 229.8 23514.493 -51.189324 -16.193564
480350.23 8209484.7 510.04 23808.106 287.853 23514.445 -51.183836 -16.194955
480345.9 8209670.9 509.8 23785.711 260.427 23514.663 -51.183874 -16.193272
480336.24 8209856.48 507.15 23739.869 211.108 23514.879 -51.183963 -16.191594
480321.82 8210041.44 501.96 23679.006 148.4 23515.094 -51.184097 -16.189922
480305.62 8210226.1 498.54 23622.643 100.056 23515.308 -51.184247 -16.188253
480290.31 8210409.83 496.79 23596.777 71.366 23515.521 -51.184388 -16.186592
480278.27 8210593.56 495.0 23573.861 47.986 23515.735 -51.184499 -16.18493
480269.49 8210776.07 494.62 23542.222 10.413 23515.948 -51.18458 -16.18328
480263.99 8210956.13 504.04 23488.765 -52.709 23516.159 -51.18463 -16.181653
480261.16 8211132.5 521.75 23422.418 -121.072 23516.366 -51.184655 -16.180058
480262.19 8211303.03 541.01 23363.082 -179.237 23516.568 -51.184644 -16.178517
480268.28 8211468.96 561.15 23322.356 -222.081 23516.765 -51.184586 -16.177017
480278.82 8211630.29 577.99 23268.133 -280.388 23516.957 -51.184486 -16.175558
480293.23 8211787.93 589.43 23224.133 -322.451 23517.147 -51.18435 -16.174133
480308.23 8211944.65 594.7 23199.904 -342.655 23517.335 -51.184208 -16.172717
480323.23 8212101.99 590.29 23195.887 -342.521 23517.524 -51.184066 -16.171294
480338.24 8212262.09 577.36 23212.811 -325.01 23517.716 -51.183925 -16.169847
480348.78 8212426.18 561.08 23227.468 -309.976 23517.912 -51.183825 -16.168364
480354.86 8212594.57 542.2 23242.776 -291.476 23518.113 -51.183766 -16.166842
480359.16 8212767.56 525.29 23262.711 -268.604 23518.318 -51.183725 -16.165278
480364.35 8212943.02 514.66 23293.337 -227.512 23518.526 -51.183675 -16.163692
480370.43 8213119.39 514.76 23365.631 -148.276 23518.736 -51.183616 -16.162097
480372.95 8213294.23 521.57 23439.023 -74.286 23518.943 -51.183591 -16.160517
480369.23 8213467.22 530.53 23501.587 -6.984 23519.147 -51.183625 -16.158953
480361.06 8213638.36 538.67 23568.444 62.074 23519.347 -51.1837 -16.157406
480349.92 8213808.58 539.53 23624.379 120.519 23519.546 -51.183802 -16.155867
480336.1 8213979.71 529.5 23692.204 194.822 23519.745 -51.18393 -16.154319
480322.58 8214153.0 512.55 23751.058 249.657 23519.947 -51.184055 -16.152753
480312.92 8214330.28 493.69 23782.986 279.037 23520.154 -51.184144 -16.15115
480308.01 8214510.34 476.65 23812.483 313.576 23520.366 -51.184188 -16.149522
480307.85 8214693.16 465.53 23847.949 344.592 23520.582 -51.184188 -16.147869
480310.06 8214876.91 457.92 23865.078 358.71 23520.8 -51.184166 -16.146208
480311.08 8215061.27 452.86 23878.691 371.782 23521.018 -51.184155 -16.144542
480312.7 8215245.33 449.44 23879.077 366.611 23521.237 -51.184138 -16.142878
480313.72 8215429.07 450.91 23869.197 356.258 23521.454 -51.184127 -16.141217
480312.67 8215610.98 457.0 23866.798 352.861 23521.669 -51.184136 -16.139572
480308.64 8215790.72 463.28 23865.566 346.321 23521.881 -51.184172 -16.137947
480303.44 8215968.63 466.59 23845.173 322.938 23522.091 -51.184219 -16.136339
480297.63 8216144.99 471.32 23840.24 320.977 23522.298 -51.184272 -16.134745
480292.13 8216320.13 477.12 23835.365 313.206 23522.504 -51.184322 -16.133161
480288.11 8216494.35 477.99 23826.606 302.487 23522.71 -51.184358 -16.131586
480286.77 8216668.26 476.67 23814.138 289.08 23522.916 -51.184369 -16.130014
480288.4 8216841.87 474.96 23802.883 276.017 23523.122 -51.184352 -16.128445
480292.4 8217015.48 471.38 23786.44 259.577 23523.328 -51.184314 -16.126875
480296.4 8217189.39 466.26 23775.71 249.145 23523.536 -51.184275 -16.125303
480830.11 8217217.52 457.77 23725.812 224.009 23523.688 -51.179283 -16.125053
480830.55 8217057.13 465.31 23737.681 236.883 23523.498 -51.17928 -16.126503
480829.2 8216897.65 469.51 23749.33 248.862 23523.309 -51.179294 -16.127945
480825.18 8216738.48 471.06 23756.851 256.219 23523.119 -51.179333 -16.129383
480817.6 8216579.62 471.14 23756.538 255.572 23522.929 -51.179405 -16.13082
480808.53 8216420.45 469.32 23756.34 256.61 23522.739 -51.179491 -16.132258
480802.43 8216260.05 465.01 23748.164 249.116 23522.547 -51.17955 -16.133708
480800.49 8216098.73 459.82 23749.79 254.034 23522.356 -51.179569 -16.135167
480800.64 8215936.5 455.4 23758.143 266.206 23522.164 -51.179569 -16.136633
480800.78 8215773.34 453.46 23765.334 271.892 23521.971 -51.179569 -16.138108
480801.81 8215608.95 449.98 23768.159 277.518 23521.776 -51.179561 -16.139595
480804.04 8215443.64 446.08 23772.95 283.815 23521.581 -51.179541 -16.141089
480809.53 8215278.95 447.6 23779.561 291.134 23521.387 -51.179491 -16.142578
480817.98 8215115.19 451.87 23775.258 283.942 23521.196 -51.179414 -16.144058
480827.33 8214952.34 456.28 23752.75 263.984 23521.005 -51.179327 -16.145531
480834.01 8214790.11 459.65 23748.884 261.631 23520.815 -51.179266 -16.146997
480835.63 8214628.18 460.97 23743.65 255.552 23520.623 -51.179252 -16.148461
480833.7 8214466.25 459.87 23731.355 238.633 23520.431 -51.179272 -16.149925
480830.57 8214303.7 458.55 23703.766 210.171 23520.239 -51.179302 -16.151394
480825.96 8214140.54 456.86 23673.417 175.811 23520.045 -51.179347 -16.152869
480818.98 8213977.07 458.24 23634.324 131.673 23519.85 -51.179413 -16.154347
480806.05 8213814.51 464.07 23592.723 89.735 23519.655 -51.179536 -16.155817
480791.05 8213653.18 468.89 23553.102 47.663 23519.461 -51.179677 -16.157275
480778.72 8213492.47 473.16 23518.027 5.419 23519.268 -51.179794 -16.158728
480769.95 8213332.68 479.49 23469.224 -41.543 23519.077 -51.179877 -16.160172
480765.34 8213173.82 483.98 23447.175 -68.184 23518.889 -51.179922 -16.161608
480765.18 8213015.58 484.21 23411.682 -105.71 23518.702 -51.179925 -16.163039
480766.21 8212856.72 481.64 23390.54 -128.095 23518.514 -51.179916 -16.164475
480765.46 8212696.94 479.09 23374.788 -145.605 23518.326 -51.179925 -16.165919
480767.97 8212536.86 478.2 23353.853 -167.404 23518.137 -51.179902 -16.167367
480775.24 8212376.47 480.17 23348.822 -170.413 23517.949 -51.179836 -16.168817
480783.7 8212216.08 480.69 23346.375 -172.071 23517.762 -51.179758 -16.170267
480791.26 8212055.39 480.44 23352.132 -165.112 23517.574 -51.179688 -16.171719
480796.75 8211894.08 480.18 23361.901 -149.414 23517.385 -51.179638 -16.173178
480797.19 8211731.84 480.76 23393.61 -115.962 23517.194 -51.179636 -16.174644
480793.17 8211569.6 481.95 23425.725 -84.597 23517.001 -51.179675 -16.176111
480788.26 8211407.36 483.17 23450.138 -60.096 23516.809 -51.179722 -16.177578
480785.14 8211245.12 481.49 23475.296 -29.469 23516.617 -51.179752 -16.179044
480782.91 8211082.57 478.78 23504.819 -0.176 23516.425 -51.179775 -16.180514
480781.27 8210919.1 472.3 23533.651 32.925 23516.232 -51.179791 -16.181992
480779.93 8210754.4 467.13 23571.911 72.87 23516.037 -51.179805 -16.18348
480778.59 8210589.09 468.23 23609.842 115.995 23515.842 -51.179819 -16.184975
480777.84 8210424.7 472.86 23647.099 150.072 23515.648 -51.179827 -16.186461
480778.28 8210261.85 479.01 23663.264 167.833 23515.456 -51.179825 -16.187933
480782.28 8210099.92 484.14 23672.101 176.449 23515.267 -51.179788 -16.189397
480787.77 8209938.92 487.16 23708.593 226.458 23515.078 -51.179738 -16.190853
480792.96 8209777.92 488.71 23759.003 269.579 23514.89 -51.179691 -16.192308
480797.26 8209616.6 488.87 23767.591 274.73 23514.701 -51.179652 -16.193766
481323.2 8209486.16 473.96 23818.448 297.11 23514.666 -51.174733 -16.19495
481319.48 8209669.29 472.0 23834.945 314.691 23514.881 -51.174766 -16.193294
481311.9 8209851.8 471.37 23805.152 276.7 23515.094 -51.174836 -16.191644
481304.62 8210034.01 467.19 23779.557 252.988 23515.307 -51.174902 -16.189997
481298.53 8210215.9 467.01 23758.019 225.376 23515.52 -51.174958 -16.188353
481290.06 8210396.57 469.97 23718.311 182.689 23515.73 -51.175036 -16.186719
481279.51 8210576.01 469.53 23685.662 147.405 23515.94 -51.175133 -16.185097
481268.67 8210755.75 463.83 23643.26 106.395 23516.149 -51.175233 -16.183472
481260.2 8210936.42 453.47 23628.216 96.646 23516.36 -51.175311 -16.181839
481256.78 8211117.7 449.58 23613.068 74.539 23516.573 -51.175341 -16.1802
481260.49 8211297.76 452.11 23588.021 52.114 23516.786 -51.175305 -16.178572
481266.57 8211475.98 456.87 23577.7 38.892 23516.998 -51.175247 -16.176961
481272.95 8211652.36 461.31 23562.604 25.112 23517.207 -51.175186 -16.175367
481278.74 8211827.82 464.58 23545.498 3.167 23517.415 -51.17513 -16.17378
481286.61 8212002.04 466.98 23518.234 -23.173 23517.623 -51.175055 -16.172205
481295.07 8212175.97 468.7 23501.348 -39.673 23517.83 -51.174975 -16.170633
481299.68 8212348.96 470.4 23497.733 -39.132 23518.035 -51.17493 -16.169069
481300.12 8212521.34 471.97 23499.825 -38.574 23518.238 -51.174925 -16.167511
481298.49 8212693.41 472.33 23501.081 -35.358 23518.441 -51.174938 -16.165955
481297.16 8212866.09 465.33 23503.838 -29.583 23518.645 -51.17495 -16.164394
481296.71 8213040.01 457.45 23520.583 -6.632 23518.85 -51.174952 -16.162822
481296.86 8213214.84 456.04 23538.427 8.551 23519.056 -51.17495 -16.161242
481296.41 8213389.06 457.45 23544.312 20.079 23519.262 -51.174952 -16.159667
481294.78 8213562.67 457.46 23561.406 43.097 23519.467 -51.174966 -16.158097
481291.96 8213736.27 453.28 23584.711 69.025 23519.671 -51.174991 -16.156528
481290.33 8213910.8 445.91 23610.427 102.22 23519.877 -51.175005 -16.15495
481290.47 8214086.25 442.9 23641.101 132.995 23520.085 -51.175002 -16.153364
481292.7 8214262.31 441.91 23669.158 163.987 23520.293 -51.17498 -16.151772
481295.82 8214437.77 442.88 23698.132 191.485 23520.501 -51.17495 -16.150186
481297.75 8214612.6 443.44 23719.627 214.953 23520.709 -51.17493 -16.148606
481297.9 8214786.82 444.38 23729.011 220.639 23520.915 -51.174927 -16.147031
481296.26 8214960.74 443.97 23731.513 223.68 23521.12 -51.174941 -16.145458
481294.63 8215134.03 444.0 23746.663 242.832 23521.325 -51.174955 -16.143892
481293.29 8215307.02 442.47 23763.081 251.998 23521.529 -51.174966 -16.142328
481289.88 8215480.32 439.5 23758.289 243.226 23521.733 -51.174997 -16.140761
481284.68 8215653.92 437.41 23749.989 233.284 23521.938 -51.175044 -16.139192
481279.49 8215827.83 436.18 23745.944 231.154 23522.142 -51.175091 -16.13762
481274.59 8216001.43 434.79 23749.026 230.716 23522.347 -51.175136 -16.13605
481268.8 8216174.72 435.5 23743.237 220.95 23522.551 -51.175189 -16.134483
481262.41 8216347.1 437.53 23729.046 207.625 23522.753 -51.175247 -16.132925
481253.65 8216518.54 441.18 23739.377 216.648 23522.954 -51.175327 -16.131375
481244.89 8216689.68 443.34 23743.226 218.347 23523.155 -51.175408 -16.129828
481237.32 8216860.52 444.83 23740.001 216.047 23523.356 -51.175477 -16.128283
481232.43 8217030.43 446.36 23745.745 219.739 23523.556 -51.175522 -16.126747
481229.61 8217199.73 448.78 23743.778 215.814 23523.756 -51.175547 -16.125217
481771.05 8217220.16 437.97 23681.998 167.089 23523.901 -51.170483 -16.125036
481769.11 8217053.01 437.34 23684.798 175.91 23523.703 -51.170503 -16.126547
481768.35 8216886.16 438.09 23689.33 177.959 23523.505 -51.170511 -16.128056
481769.09 8216719.31 438.98 23688.955 181.38 23523.308 -51.170505 -16.129564
481770.12 8216552.78 438.81 23701.661 192.935 23523.111 -51.170497 -16.13107
481774.11 8216386.55 440.84 23708.96 201.893 23522.915 -51.170461 -16.132572
481779.89 8216220.94 442.65 23714.875 206.39 23522.72 -51.170408 -16.13407
481784.78 8216056.25 443.17 23704.587 192.013 23522.526 -51.170364 -16.135558
481789.37 8215891.25 441.97 23700.509 195.587 23522.332 -51.170322 -16.13705
481793.37 8215725.94 440.01 23714.736 210.853 23522.137 -51.170286 -16.138544
481795.89 8215560.02 435.62 23728.157 222.609 23521.941 -51.170264 -16.140044
481797.81 8215393.17 432.66 23733.384 226.483 23521.744 -51.170247 -16.141553
481798.54 8215226.64 434.34 23732.617 223.371 23521.547 -51.170241 -16.143058
481796.89 8215060.4 438.14 23719.301 207.223 23521.35 -51.170258 -16.144561
481794.65 8214895.4 444.01 23688.146 179.316 23521.155 -51.17028 -16.146053
481793.01 8214731.62 450.31 23687.449 181.015 23520.96 -51.170297 -16.147533
481791.66 8214568.46 454.35 23690.404 179.702 23520.767 -51.170311 -16.149008
481789.71 8214405.3 454.53 23687.686 175.769 23520.574 -51.17033 -16.150483
481786.58 8214241.53 450.62 23663.043 148.392 23520.38 -51.170361 -16.151964
481783.45 8214076.83 445.61 23655.463 138.854 23520.184 -51.170391 -16.153453
481781.22 8213910.9 442.56 23642.936 127.032 23519.988 -51.170414 -16.154953
481780.17 8213745.59 442.19 23632.866 110.106 23519.792 -51.170425 -16.156447
481780.6 8213579.97 444.01 23607.098 84.358 23519.597 -51.170422 -16.157944
481781.33 8213414.97 449.44 23591.755 67.429 23519.402 -51.170416 -16.159436
481782.06 8213251.2 455.58 23582.0 59.181 23519.209 -51.170411 -16.160917
481783.68 8213088.96 460.76 23583.185 58.175 23519.017 -51.170397 -16.162383
481785.0 8212927.34 466.51 23576.105 50.564 23518.827 -51.170386 -16.163844
481785.73 8212766.33 468.87 23565.205 37.094 23518.637 -51.17038 -16.1653
481784.68 8212605.32 470.78 23565.76 41.247 23518.447 -51.170391 -16.166755
481782.14 8212444.01 469.17 23575.099 50.198 23518.256 -51.170416 -16.168214
481779.9 8212282.38 465.58 23581.318 55.805 23518.064 -51.170439 -16.169675
481779.73 8212119.53 461.4 23585.687 60.072 23517.872 -51.170441 -16.171147
481783.14 8211955.14 455.25 23583.431 60.121 23517.679 -51.170411 -16.172633
481788.32 8211789.22 448.64 23596.741 73.173 23517.484 -51.170364 -16.174133
481792.91 8211622.38 446.32 23610.812 90.992 23517.289 -51.170322 -16.175642
481796.02 8211455.54 448.01 23630.609 113.841 23517.093 -51.170294 -16.17715
481795.27 8211289.0 451.64 23659.663 143.72 23516.896 -51.170302 -16.178655
481789.77 8211123.68 456.19 23673.474 151.602 23516.7 -51.170355 -16.18015
481781.0 8210958.67 457.45 23668.912 148.368 23516.504 -51.170438 -16.181641
481772.23 8210793.05 452.82 23670.079 153.5 23516.306 -51.170522 -16.183139
481765.83 8210626.5 449.89 23702.515 194.437 23516.109 -51.170583 -16.184644
481761.22 8210459.65 449.4 23713.86 191.111 23515.911 -51.170627 -16.186153
481757.5 8210292.8 449.44 23699.139 192.556 23515.714 -51.170663 -16.187661
481754.07 8210125.64 450.26 23743.83 239.647 23515.516 -51.170697 -16.189172
481751.84 8209958.49 450.87 23782.044 276.789 23515.319 -51.170719 -16.190683
481751.09 8209791.03 451.47 23815.862 309.78 23515.121 -51.170727 -16.192197
481753.01 8209623.57 455.18 23831.084 326.491 23514.925 -51.170711 -16.193711
482314.28 8209481.76 475.39 23908.401 361.533 23514.885 -51.165461 -16.194997
482313.54 8209662.43 475.65 23877.73 325.959 23515.097 -51.165466 -16.193364
482311.02 8209842.8 473.26 23843.099 288.781 23515.309 -51.165489 -16.191733
482307.61 8210022.55 470.14 23811.164 261.474 23515.52 -51.165519 -16.190108
482304.2 8210202.3 466.51 23794.085 237.783 23515.731 -51.16555 -16.188483
482301.68 8210381.43 464.04 23761.067 211.763 23515.941 -51.165572 -16.186864
482300.65 8210559.96 464.33 23756.062 210.428 23516.151 -51.16558 -16.18525
482298.72 8210736.63 467.3 23749.493 187.251 23516.359 -51.165597 -16.183653
482296.2 8210912.39 470.43 23740.026 191.47 23516.565 -51.165619 -16.182064
482292.5 8211087.53 471.59 23732.472 176.743 23516.771 -51.165652 -16.18048
482289.69 8211262.36 471.44 23725.69 174.855 23516.976 -51.165677 -16.1789
482290.14 8211436.89 471.33 23717.366 161.607 23517.182 -51.165672 -16.177322
482293.26 8211611.73 465.83 23687.89 128.827 23517.389 -51.165641 -16.175742
482299.66 8211787.18 459.33 23651.688 100.105 23517.597 -51.16558 -16.174155
482307.53 8211962.64 457.28 23694.979 154.69 23517.806 -51.165505 -16.172569
482314.22 8212137.79 456.3 23733.452 180.625 23518.014 -51.165441 -16.170986
482319.13 8212312.94 454.81 23705.76 143.89 23518.222 -51.165394 -16.169403
482322.55 8212488.39 451.92 23672.063 116.295 23518.43 -51.165361 -16.167817
482324.78 8212663.53 448.88 23652.906 96.295 23518.637 -51.165339 -16.166233
482325.53 8212839.29 445.21 23649.476 97.239 23518.845 -51.16533 -16.164644
482325.39 8213015.05 444.92 23650.316 98.095 23519.052 -51.16533 -16.163055
482324.36 8213190.19 448.83 23660.102 107.74 23519.259 -51.165339 -16.161472
482323.33 8213364.1 451.69 23667.29 119.069 23519.464 -51.165347 -16.1599
482321.7 8213537.09 453.27 23668.911 117.617 23519.668 -51.165361 -16.158336
482319.78 8213709.47 452.73 23672.742 127.846 23519.871 -51.165377 -16.156778
482318.75 8213882.46 450.36 23686.574 142.843 23520.075 -51.165386 -16.155214
482318.32 8214055.76 445.88 23686.594 141.095 23520.28 -51.165389 -16.153647
482316.69 8214229.36 444.87 23684.2 147.839 23520.484 -51.165402 -16.152078
482313.29 8214401.74 449.32 23712.835 167.877 23520.687 -51.165433 -16.150519
482308.69 8214572.27 455.57 23705.975 164.162 23520.888 -51.165475 -16.148978
482303.81 8214741.57 461.66 23699.018 152.508 23521.087 -51.165519 -16.147447
482299.51 8214909.95 464.85 23693.661 152.348 23521.285 -51.165558 -16.145925
482297.0 8215078.02 464.55 23698.9 161.936 23521.483 -51.16558 -16.144406
482295.68 8215246.4 462.0 23742.269 205.2 23521.682 -51.165591 -16.142883
482294.35 8215416.01 457.33 23752.155 207.408 23521.883 -51.165603 -16.14135
482294.51 8215587.16 449.31 23740.465 196.358 23522.085 -51.1656 -16.139803
482297.34 8215759.54 443.43 23734.028 189.607 23522.29 -51.165572 -16.138244
482301.06 8215932.84 440.03 23742.195 202.868 23522.496 -51.165536 -16.136678
482303.89 8216107.37 435.54 23747.373 202.99 23522.703 -51.165508 -16.1351
482307.02 8216282.82 432.46 23734.996 187.42 23522.911 -51.165478 -16.133514
482310.15 8216457.97 435.32 23729.07 186.812 23523.119 -51.165447 -16.131931
482311.79 8216632.19 439.95 23736.361 188.813 23523.326 -51.16543 -16.130356
482310.16 8216805.18 444.91 23722.913 172.772 23523.531 -51.165444 -16.128792
482306.76 8216976.63 448.67 23704.713 155.929 23523.733 -51.165475 -16.127242
482303.06 8217147.47 452.6 23691.889 143.978 23523.935 -51.165508 -16.125697
482770.5 8217220.35 494.99 23671.377 144.284 23524.126 -51.161136 -16.125042
482771.81 8217056.89 492.0 23686.471 160.082 23523.933 -51.161125 -16.12652
482772.24 8216892.5 487.05 23697.163 168.261 23523.738 -51.161122 -16.128006
482771.77 8216727.19 481.76 23693.643 164.044 23523.542 -51.161128 -16.1295
482771.01 8216560.96 476.55 23698.671 174.364 23523.345 -51.161136 -16.131003
482769.96 8216393.5 470.18 23715.668 190.605 23523.146 -51.161147 -16.132517
482768.9 8216224.19 460.8 23722.562 194.765 23522.946 -51.161158 -16.134047
482769.63 8216052.74 449.74 23719.269 192.624 23522.743 -51.161153 -16.135597
482773.33 8215879.75 443.37 23705.656 175.687 23522.539 -51.161119 -16.137161
482777.62 8215707.07 444.18 23694.151 170.637 23522.336 -51.16108 -16.138722
482779.84 8215534.69 447.12 23696.693 171.817 23522.132 -51.161061 -16.140281
482779.08 8215362.93 448.2 23691.544 167.917 23521.929 -51.161069 -16.141833
482776.24 8215191.47 447.27 23679.531 154.317 23521.725 -51.161097 -16.143383
482773.11 8215020.02 445.53 23676.586 154.912 23521.522 -51.161128 -16.144933
482772.36 8214849.48 449.81 23683.1 161.767 23521.32 -51.161136 -16.146475
482773.08 8214680.18 456.23 23684.313 161.806 23521.12 -51.16113 -16.148006
482774.4 8214513.33 464.19 23681.724 161.96 23520.923 -51.161119 -16.149514
482774.53 8214348.02 470.75 23690.418 167.708 23520.728 -51.161119 -16.151008
482774.36 8214182.71 473.55 23685.435 161.445 23520.532 -51.161122 -16.152503
482773.9 8214017.4 472.83 23683.713 161.014 23520.337 -51.161128 -16.153997
482772.84 8213851.48 469.55 23683.294 156.551 23520.141 -51.161139 -16.155497
482771.78 8213684.32 461.56 23677.004 151.221 23519.943 -51.16115 -16.157008
482770.14 8213514.71 451.2 23678.223 152.884 23519.742 -51.161166 -16.158542
482770.27 8213343.56 445.35 23678.157 150.039 23519.54 -51.161166 -16.160089
482770.4 8213172.41 445.45 23672.671 143.945 23519.338 -51.161166 -16.161636
482769.94 8213001.57 445.6 23666.585 134.687 23519.136 -51.161172 -16.16318
482769.78 8212831.04 446.34 23649.453 112.95 23518.935 -51.161175 -16.164722
482772.29 8212661.12 449.36 23645.746 120.045 23518.735 -51.161152 -16.166258
482779.25 8212492.75 454.99 23657.861 131.063 23518.538 -51.161089 -16.16778
482789.78 8212326.83 464.52 23674.568 148.105 23518.345 -51.160991 -16.16928
482800.0 8212162.14 470.64 23675.296 145.282 23518.153 -51.160897 -16.170769
482807.85 8211997.76 470.84 23662.831 134.408 23517.961 -51.160825 -16.172255
482808.87 8211832.76 467.08 23677.846 151.722 23517.766 -51.160816 -16.173747
482803.36 8211667.44 466.0 23675.523 149.826 23517.57 -51.160869 -16.175242
482791.91 8211502.12 469.66 23688.061 164.685 23517.373 -51.160977 -16.176736
482778.38 8211336.8 469.91 23707.187 184.492 23517.175 -51.161105 -16.17823
482769.9 8211171.79 469.36 23718.434 193.211 23516.978 -51.161186 -16.179722
482769.14 8211005.87 465.91 23719.543 195.841 23516.783 -51.161194 -16.181222
482775.5 8210839.03 459.84 23728.396 204.854 23516.587 -51.161136 -16.18273
482785.73 8210672.19 459.7 23728.647 207.671 23516.393 -51.161041 -16.184239
482795.66 8210506.27 468.68 23740.304 216.173 23516.2 -51.16095 -16.185739
482802.62 8210342.5 479.29 23752.9 234.64 23516.009 -51.160886 -16.187219
482804.82 8210179.96 485.56 23785.57 270.74 23515.818 -51.160866 -16.188689
482802.87 8210017.72 486.98 23814.568 289.557 23515.626 -51.160886 -16.190155
482798.84 8209854.86 484.36 23807.313 284.758 23515.434 -51.160925 -16.191628
482795.11 8209690.78 480.56 23839.112 322.243 23515.24 -51.160961 -16.193111
482791.38 8209525.47 474.64 23859.453 338.225 23515.044 -51.160997 -16.194605
