682344 6915825 -49.147851 -27.869961 -120.185
682336 6916020 -49.147968 -27.868195 -98.817
682326 6916216 -49.1481 -27.866429 -96.484
682321 6916413 -49.148176 -27.864653 -92.887
682322 6916612 -49.148198 -27.862862 -89.318
682326 6916812 -49.148182 -27.861056 -94.909
682330 6917013 -49.148175 -27.859238 -104.083
682329 6917216 -49.148215 -27.857411 -111.507
682324 6917419 -49.1483 -27.855574 -115.732
682321 6917625 -49.148365 -27.853719 -115.913
682318 6917833 -49.148422 -27.851841 -117.52
682318 6918044 -49.148455 -27.849941 -120.999
682321 6918254 -49.148457 -27.848044 -121.74
682325 6918462 -49.148452 -27.846167 -115.284
682326 6918668 -49.148475 -27.844308 -111.835
682325 6918873 -49.148508 -27.84246 -102.016
682325 6919075 -49.148539 -27.840631 -97.511
682327 6919275 -49.148555 -27.838831 -101.736
682330 6919472 -49.148549 -27.837053 -105.808
682333 6919668 -49.148554 -27.835286 -97.52
682332 6919863 -49.148591 -27.833523 -88.879
682331 6920058 -49.148635 -27.831767 -87.358
682331 6920251 -49.14866 -27.830028 -89.191
682334 6920440 -49.14866 -27.828314 -85.347
682337 6920630 -49.148657 -27.826603 -79.369
682338 6920822 -49.148684 -27.824875 -79.396
682337 6921014 -49.14872 -27.823135 -75.446
682336 6921208 -49.148759 -27.821392 -72.51
682336 6921401 -49.148788 -27.819643 -73.189
682342 6921596 -49.148762 -27.817884 -67.474
682352 6921792 -49.148682 -27.816115 -62.075
682366 6921990 -49.148575 -27.814331 -64.35
682373 6922190 -49.148529 -27.812519 -68.209
682376 6922392 -49.148535 -27.810696 -64.877
682374 6922595 -49.148581 -27.80887 -49.357
682369 6922801 -49.148665 -27.807013 -38.863
682362 6923012 -49.148775 -27.805112 -36.158
682354 6923227 -49.148887 -27.803165 -38.351
682347 6923447 -49.148991 -27.801184 -40.61
682341 6923670 -49.149084 -27.799175 -38.483
682336 6923895 -49.149168 -27.797141 -35.403
682333 6924123 -49.149234 -27.795087 -37.972
682332 6924352 -49.149285 -27.793018 -33.47
682331 6924583 -49.149321 -27.790935 -22.383
682331 6924813 -49.149357 -27.788863 -13.9
682330 6925038 -49.149404 -27.786835 -13.908
682328 6925257 -49.149463 -27.784854 -18.845
682323 6925472 -49.14954 -27.782913 -11.384
682318 6925684 -49.149624 -27.781002 -10.682
682317 6925894 -49.149668 -27.779106 -10.046
682320 6926102 -49.149666 -27.77723 -10.967
682321 6926308 -49.149691 -27.77537 -12.292
682316 6926515 -49.149777 -27.773503 -14.399
682310 6926723 -49.149862 -27.771631 -15.876
682312 6926930 -49.14988 -27.769759 -15.941
682317 6927138 -49.149861 -27.767886 -17.313
682320 6927347 -49.149855 -27.766004 -20.082
682321 6927556 -49.149877 -27.76411 -22.586
682319 6927767 -49.149936 -27.762212 -24.373
682316 6927977 -49.149993 -27.760312 -27.317
682324 6928427 -49.149979 -27.756256 -39.919
682331 6928638 -49.149944 -27.754348 -42.768
682340 6928849 -49.149885 -27.752446 -42.946
682349 6929058 -49.149827 -27.750561 -42.585
682831 6915818 -49.142906 -27.869953 -127.944
682825 6916043 -49.142997 -27.867925 -104.704
682820 6916267 -49.143092 -27.865906 -105.621
682814 6916495 -49.143178 -27.863847 -107.457
682815 6916730 -49.143214 -27.861731 -109.851
682818 6916970 -49.143214 -27.859561 -109.459
682822 6917213 -49.143208 -27.857372 -112.227
682824 6917457 -49.143225 -27.855169 -116.645
682823 6917698 -49.143275 -27.852992 -115.419
682824 6917936 -49.143308 -27.850844 -114.573
682828 6918174 -49.143297 -27.848694 -122.514
682832 6918414 -49.143297 -27.846533 -132.293
682834 6918646 -49.143317 -27.844433 -131.318
682837 6918869 -49.143314 -27.842422 -114.209
682842 6919094 -49.143303 -27.840394 -102.255
682844 6919323 -49.143317 -27.838325 -111.738
682838 6919554 -49.143411 -27.836244 -113.247
682827 6919784 -49.143553 -27.834167 -100.13
682820 6920011 -49.143661 -27.832119 -100.216
682819 6920232 -49.143711 -27.830125 -95.398
682818 6920449 -49.14375 -27.828167 -89.385
682818 6920669 -49.143783 -27.826189 -82.384
682820 6920898 -49.143797 -27.824122 -75.481
682825 6921135 -49.143789 -27.821978 -72.556
682830 6921373 -49.143769 -27.819833 -70.099
682837 6921609 -49.143736 -27.817703 -65.92
682844 6921846 -49.1437 -27.815564 -60.905
682855 6922081 -49.143625 -27.813436 -55.353
682865 6922314 -49.143556 -27.811336 -52.367
682868 6922544 -49.143564 -27.809264 -50.054
682863 6922773 -49.14365 -27.807197 -46.766
682853 6923002 -49.143786 -27.805131 -43.772
682844 6923236 -49.143917 -27.803019 -39.838
682833 6923473 -49.144067 -27.800883 -39.589
682827 6923702 -49.144156 -27.798817 -36.205
682829 6923923 -49.144175 -27.796828 -34.039
682831 6924137 -49.144183 -27.794894 -31.709
682835 6924350 -49.144175 -27.792975 -28.438
682838 6924563 -49.144181 -27.791053 -24.487
682841 6924774 -49.144183 -27.789144 -26.218
682841 6924985 -49.144211 -27.787239 -22.804
682838 6925196 -49.144275 -27.785339 -20.089
682834 6925407 -49.144353 -27.783436 -19.279
682831 6925618 -49.144414 -27.781528 -11.984
682829 6925833 -49.144469 -27.779594 -6.116
682823 6926051 -49.144558 -27.777622 -6.834
682821 6926276 -49.144617 -27.775594 -9.087
682821 6926508 -49.144644 -27.773503 -8.086
682823 6926741 -49.144669 -27.771403 -12.14
682828 6926967 -49.144644 -27.769356 -15.192
682835 6927183 -49.144611 -27.767406 -17.149
682839 6927395 -49.1446 -27.765497 -15.685
682843 6927611 -49.144592 -27.76355 -16.998
682847 6927835 -49.144589 -27.761525 -19.582
682850 6928065 -49.144597 -27.759453 -22.204
682851 6928297 -49.144619 -27.757353 -25.775
682846 6928533 -49.144703 -27.755225 -30.972
682841 6928771 -49.144797 -27.753081 -36.54
682840 6929009 -49.144836 -27.750933 -39.613
683349 6929103 -49.139689 -27.750014 -33.726
683342 6928852 -49.139722 -27.752283 -29.71
683335 6928598 -49.139756 -27.754575 -24.97
683331 6928345 -49.139758 -27.756856 -22.159
683328 6928095 -49.139747 -27.759111 -20.552
683327 6927847 -49.139717 -27.761347 -19.439
683328 6927600 -49.139678 -27.763578 -17.32
683330 6927349 -49.139619 -27.765844 -14.697
683333 6927093 -49.139544 -27.768156 -11.947
683337 6926835 -49.139467 -27.770483 -7.736
683340 6926577 -49.139394 -27.772808 -0.145
683342 6926322 -49.139336 -27.775108 2.392
683342 6926070 -49.1393 -27.777386 -2.677
683338 6925818 -49.139294 -27.779661 -9.851
683333 6925564 -49.139308 -27.781947 -29.89
683329 6925310 -49.139317 -27.784244 -35.022
683324 6925055 -49.139319 -27.786544 -28.885
683322 6924801 -49.139308 -27.788831 -24.383
683324 6924549 -49.13925 -27.791111 -21.246
683329 6924297 -49.139161 -27.793386 -23.051
683332 6924044 -49.139083 -27.795667 -21.992
683333 6923791 -49.139033 -27.797947 -19.144
683332 6923538 -49.139008 -27.800233 -16.149
683332 6923284 -49.138972 -27.802522 -14.583
683335 6923031 -49.1389 -27.804806 -21.387
683337 6922779 -49.138842 -27.807072 -29.323
683338 6922530 -49.138794 -27.809325 -36.208
683337 6922283 -49.138761 -27.811556 -42.976
683335 6922036 -49.138744 -27.813781 -49.286
683333 6921789 -49.138733 -27.816014 -51.994
683332 6921543 -49.138706 -27.818233 -58.329
683333 6921297 -49.138653 -27.82045 -67.325
683335 6921049 -49.1386 -27.822686 -70.372
683335 6920798 -49.138561 -27.824953 -84.643
683335 6920544 -49.138522 -27.827242 -100.622
683334 6920291 -49.138486 -27.829528 -105.811
683335 6920041 -49.138442 -27.831783 -104.491
683335 6919792 -49.138406 -27.834025 -111.322
683333 6919544 -49.138389 -27.836267 -120.635
683329 6919296 -49.138389 -27.838508 -124.87
683325 6919049 -49.138392 -27.840736 -132.283
683323 6918801 -49.138372 -27.842969 -132.303
683326 6918552 -49.138303 -27.845217 -128.873
683336 6918303 -49.138164 -27.847458 -120.973
683348 6918058 -49.138008 -27.849669 -115.26
683358 6917819 -49.137869 -27.851831 -120.555
683366 6917582 -49.137744 -27.853967 -126.669
683371 6917346 -49.137664 -27.856089 -122.636
683373 6917110 -49.137606 -27.858219 -120.28
683374 6916868 -49.137561 -27.860403 -118.164
683366 6916618 -49.1376 -27.862664 -116.327
683352 6916359 -49.137703 -27.864997 -113.927
683342 6916097 -49.137758 -27.867369 -112.853
683337 6915837 -49.137767 -27.869708 -110.243
683826 6915799 -49.1328 -27.869992 -107.62
683824 6916010 -49.132858 -27.868083 -109.166
683822 6916226 -49.132906 -27.866133 -111.651
683823 6916451 -49.132936 -27.864108 -113.487
683821 6916681 -49.132994 -27.862031 -114.889
683814 6916910 -49.133092 -27.859969 -117.646
683809 6917135 -49.133181 -27.857939 -120.632
683805 6917359 -49.133256 -27.855917 -123.359
683803 6917584 -49.133308 -27.853886 -127.986
683805 6917810 -49.133328 -27.85185 -131.112
683811 6918034 -49.133297 -27.849822 -130.876
683822 6918257 -49.133222 -27.847814 -131.465
683829 6918474 -49.133186 -27.84585 -128.945
683829 6918689 -49.133217 -27.843911 -126.308
683827 6918905 -49.133275 -27.841964 -126.867
683824 6919121 -49.133339 -27.840017 -128.928
683823 6919336 -49.133381 -27.838081 -127.125
683823 6919551 -49.133417 -27.836139 -128.751
683823 6919769 -49.133444 -27.834172 -118.824
683824 6919993 -49.133467 -27.83215 -109.985
683829 6920223 -49.133458 -27.830069 -114.96
683834 6920457 -49.133444 -27.827961 -109.554
683838 6920692 -49.133436 -27.825836 -113.665
683841 6920927 -49.133447 -27.823722 -99.155
683839 6921153 -49.133497 -27.821678 -58.935
683836 6921374 -49.133561 -27.819689 -49.755
683833 6921590 -49.133628 -27.817742 -49.212
683830 6921801 -49.133689 -27.815833 -46.79
683826 6922008 -49.133756 -27.813964 -42.157
683826 6922212 -49.133792 -27.812122 -34.261
683829 6922411 -49.133797 -27.810331 -28.017
683828 6922602 -49.133831 -27.808608 -21.902
683826 6922790 -49.133878 -27.806906 -14.54
683827 6922985 -49.133903 -27.805153 -5.026
683831 6923189 -49.133894 -27.803306 1.594
683835 6923405 -49.133889 -27.801358 2.659
683836 6923630 -49.133908 -27.799328 1.532
683837 6923858 -49.133936 -27.797275 -1.911
683837 6924083 -49.133972 -27.795247 -5.195
683836 6924303 -49.134017 -27.793256 -5.647
683833 6924524 -49.134078 -27.791267 -2.23
683831 6924748 -49.134136 -27.789244 0.418
683831 6924978 -49.134164 -27.787169 -8.156
683832 6925211 -49.134189 -27.785064 -23.237
683832 6925444 -49.134228 -27.782961 -21.531
683831 6925670 -49.134275 -27.780919 -13.857
683830 6925893 -49.134317 -27.778914 7.081
683832 6926117 -49.134336 -27.776892 23.184
683835 6926342 -49.134336 -27.774864 21.727
683840 6926563 -49.134325 -27.772869 14.56
683847 6926775 -49.134281 -27.77095 7.365
683853 6926984 -49.13425 -27.769067 -1.326
683858 6927190 -49.134233 -27.767206 -7.079
683862 6927394 -49.134228 -27.765367 -10.179
683861 6927595 -49.134267 -27.76355 -15.129
683856 6927793 -49.134353 -27.761764 -16.254
683848 6927987 -49.134458 -27.760019 -16.935
683838 6928183 -49.134589 -27.75825 -18.275
683828 6928386 -49.134725 -27.756417 -19.386
683818 6928598 -49.134856 -27.754503 -22.632
683809 6928816 -49.134981 -27.752544 -26.333
683802 6929033 -49.135092 -27.750586 -29.189
684332 6929083 -49.129722 -27.750061 -26.612
684329 6928866 -49.129714 -27.752019 -23.725
684326 6928646 -49.129708 -27.754003 -21.467
684323 6928424 -49.129708 -27.756014 -19.139
684319 6928199 -49.129717 -27.758042 -16.929
684320 6927972 -49.129667 -27.760086 -14.858
684327 6927740 -49.129561 -27.762178 -11.003
684334 6927502 -49.129458 -27.764325 -5.232
684337 6927261 -49.129383 -27.7665 1.477
684338 6927019 -49.129342 -27.768686 6.709
684336 6926777 -49.129319 -27.770872 16.308
684334 6926535 -49.129303 -27.773047 24.852
684328 6926296 -49.129325 -27.775211 39.178
684319 6926058 -49.129386 -27.777358 42.576
684312 6925822 -49.129422 -27.779486 18.074
684309 6925589 -49.129414 -27.781592 -7.279
684308 6925358 -49.129383 -27.783669 -12.543
684311 6925128 -49.129325 -27.785747 9.437
684314 6924897 -49.129253 -27.787831 10.318
684318 6924669 -49.129178 -27.789892 11.205
684324 6924441 -49.129081 -27.791947 14.709
684333 6924207 -49.128958 -27.794053 18.97
684340 6923964 -49.128847 -27.79625 22.277
684345 6923714 -49.128761 -27.7985 27.66
684346 6923465 -49.128708 -27.80075 24.169
684346 6923218 -49.128669 -27.802981 21.002
684347 6922973 -49.128619 -27.805192 17.76
684346 6922733 -49.128592 -27.807358 8.258
684342 6922499 -49.1286 -27.809464 -10.279
684336 6922265 -49.128622 -27.811578 -19.474
684333 6922024 -49.128619 -27.813756 -27.622
684330 6921773 -49.128606 -27.816017 -38.907
684327 6921515 -49.128594 -27.818347 -51.782
684326 6921254 -49.128567 -27.820697 -71.131
684326 6920994 -49.128525 -27.82305 -91.999
684330 6920733 -49.128447 -27.825397 -107.767
684337 6920474 -49.128336 -27.827733 -114.271
684343 6920218 -49.128242 -27.83005 -123.212
684343 6919964 -49.1282 -27.832339 -125.724
684337 6919712 -49.128214 -27.834608 -127.849
684334 6919461 -49.128214 -27.836878 -132.373
684334 6919209 -49.128169 -27.839147 -136.075
684334 6918959 -49.128128 -27.841406 -136.333
684334 6918710 -49.128092 -27.84365 -132.515
684333 6918465 -49.128067 -27.845867 -130.79
684331 6918227 -49.128053 -27.848008 -132.974
684327 6917995 -49.128058 -27.850103 -130.962
684323 6917762 -49.128064 -27.852208 -128.338
684320 6917524 -49.128056 -27.854353 -126.796
684318 6917284 -49.128042 -27.856519 -124.343
684315 6917043 -49.128025 -27.858694 -121.988
684313 6916802 -49.128017 -27.860869 -118.344
684310 6916562 -49.128011 -27.863033 -114.913
684306 6916323 -49.128011 -27.865194 -112.694
684301 6916083 -49.128019 -27.867361 -110.388
684298 6915842 -49.128017 -27.869536 -106.961
684827 6929080 -49.124697 -27.750025 -23.812
684835 6928844 -49.124578 -27.752147 -20.747
684837 6928607 -49.124528 -27.754289 -17.106
684832 6928369 -49.124533 -27.756433 -13.583
684829 6928131 -49.124528 -27.758586 -10.424
684835 6927888 -49.124428 -27.760778 -6.942
684848 6927641 -49.124267 -27.763003 -4.228
684850 6927393 -49.124208 -27.765236 1.646
684841 6927149 -49.124256 -27.767439 8.929
684835 6926907 -49.124275 -27.769625 14.526
684837 6926667 -49.124219 -27.771789 17.054
684848 6926429 -49.124075 -27.773936 18.434
684849 6926194 -49.124022 -27.776061 21.422
684839 6925962 -49.124092 -27.778153 20.602
684829 6925734 -49.124156 -27.780211 22.178
684827 6925509 -49.124147 -27.782244 25.753
684831 6925283 -49.124069 -27.784278 29.865
684835 6925053 -49.123994 -27.78635 32.413
684834 6924818 -49.123964 -27.788472 32.017
684833 6924578 -49.123936 -27.790644 35.908
684828 6924333 -49.12395 -27.792856 42.186
684823 6924085 -49.123967 -27.795086 41.685
684826 6923836 -49.1239 -27.797333 43.254
684829 6923588 -49.123828 -27.799578 48.44
684833 6923340 -49.123744 -27.801811 42.581
684832 6923094 -49.123717 -27.804031 39.936
684831 6922850 -49.123689 -27.806233 30.554
684836 6922606 -49.123603 -27.808428 25.025
684840 6922363 -49.123528 -27.810628 15.441
684840 6922117 -49.123483 -27.812842 1.506
684837 6921872 -49.123478 -27.815056 -17.135
684834 6921626 -49.123475 -27.817278 -38.407
684836 6921380 -49.123417 -27.819497 -61.736
684840 6921136 -49.123336 -27.821694 -82.65
684839 6920894 -49.123311 -27.823878 -102.714
684837 6920652 -49.123294 -27.826058 -118.142
684833 6920411 -49.123289 -27.828236 -128.593
684827 6920172 -49.123322 -27.830394 -132.093
684824 6919936 -49.123317 -27.832525 -135.894
684826 6919701 -49.12325 -27.834644 -139.471
684825 6919463 -49.123228 -27.836792 -142.721
684823 6919222 -49.123208 -27.838964 -143.32
684821 6918980 -49.123194 -27.841156 -141.833
684814 6918736 -49.123225 -27.843353 -138.602
684815 6918494 -49.123181 -27.845539 -135.533
684821 6918253 -49.123075 -27.847706 -135.723
684835 6918014 -49.1229 -27.849861 -134.27
684848 6917773 -49.122736 -27.852039 -132.205
684854 6917530 -49.122631 -27.854231 -129.929
684850 6917286 -49.122633 -27.856431 -126.689
684844 6917042 -49.122661 -27.858631 -122.92
684839 6916800 -49.122672 -27.860819 -118.115
684838 6916558 -49.122644 -27.863 -114.436
684840 6916318 -49.122586 -27.865167 -113.121
684841 6916079 -49.122536 -27.867325 -111.13
684839 6915840 -49.122525 -27.869478 -108.469
685317 6915775 -49.117656 -27.87 -107.846
685323 6916002 -49.117631 -27.867947 -109.828
685331 6916227 -49.117592 -27.865922 -111.953
685330 6916451 -49.117631 -27.863897 -114.346
685323 6916679 -49.117739 -27.861844 -115.565
685323 6916912 -49.117778 -27.859742 -118.572
685330 6917149 -49.117742 -27.857597 -123.858
685330 6917390 -49.117778 -27.855428 -130.244
685323 6917632 -49.117889 -27.853239 -134.995
685315 6917874 -49.118011 -27.851061 -138.084
685312 6918113 -49.118075 -27.848903 -141.064
685323 6918345 -49.117997 -27.846814 -142.289
685336 6918566 -49.117897 -27.844811 -143.215
685343 6918785 -49.117867 -27.842839 -144.984
685343 6919005 -49.117897 -27.840856 -148.052
685337 6919228 -49.117992 -27.838842 -149.471
685328 6919456 -49.118125 -27.836783 -151.444
685324 6919691 -49.118203 -27.834664 -148.958
685326 6919932 -49.118214 -27.832492 -146.461
685339 6920176 -49.118125 -27.830283 -149.04
685349 6920422 -49.118058 -27.828067 -147.851
685356 6920668 -49.118031 -27.825847 -132.687
685353 6920913 -49.118092 -27.823633 -102.718
685340 6921158 -49.118264 -27.821428 -77.101
685326 6921403 -49.118444 -27.819214 -45.507
685316 6921650 -49.118581 -27.816989 -12.087
685316 6921896 -49.118625 -27.814767 22.853
685336 6922138 -49.118461 -27.812583 53.513
685354 6922372 -49.118311 -27.810469 71.26
685352 6922597 -49.118364 -27.808442 81.554
685340 6922815 -49.118525 -27.806478 80.526
685329 6923026 -49.118669 -27.804578 78.018
685329 6923231 -49.118694 -27.802725 76.709
685338 6923434 -49.118636 -27.800892 73.392
685340 6923637 -49.11865 -27.799058 73.109
685330 6923843 -49.118781 -27.797206 68.711
685327 6924054 -49.11885 -27.7953 60.851
685329 6924269 -49.118858 -27.793361 48.27
685334 6924484 -49.118842 -27.791417 44.551
685339 6924698 -49.118825 -27.789486 49.662
685335 6924913 -49.118903 -27.787544 53.151
685326 6925134 -49.119028 -27.785556 52.646
685321 6925360 -49.119114 -27.783514 54.467
685321 6925590 -49.119144 -27.781442 50.789
685327 6925822 -49.119119 -27.779344 40.26
685337 6926055 -49.119053 -27.777239 31.02
685341 6926290 -49.119056 -27.775125 22.641
685340 6926526 -49.119097 -27.772994 17.844
685336 6926763 -49.119175 -27.77085 12.301
685328 6927002 -49.119297 -27.768706 8.822
685326 6927241 -49.119356 -27.766547 7.387
685323 6927481 -49.119417 -27.764381 4.005
685324 6927722 -49.119447 -27.762203 -0.346
685327 6927964 -49.119456 -27.760019 -3.67
685329 6928205 -49.119472 -27.757847 -8.822
685330 6928441 -49.119494 -27.755714 -12.242
685323 6928674 -49.119603 -27.753617 -16.761
685314 6928905 -49.119731 -27.751536 -20.562
685810 6929066 -49.114722 -27.750006 -19.368
685817 6928855 -49.114622 -27.751911 -16.863
685829 6928640 -49.114469 -27.753853 -13.446
685838 6928418 -49.114344 -27.755853 -8.852
685839 6928187 -49.114297 -27.757933 -4.117
685839 6927948 -49.114258 -27.760097 -1.37
685841 6927701 -49.114197 -27.762325 1.877
685838 6927449 -49.114192 -27.7646 3.416
685824 6927195 -49.114289 -27.766886 8.184
685819 6926942 -49.114303 -27.769172 12.508
685827 6926692 -49.114183 -27.771425 19.534
685837 6926446 -49.114047 -27.773647 28.895
685841 6926200 -49.113964 -27.775867 38.258
685845 6925953 -49.113889 -27.778094 47.764
685845 6925707 -49.113847 -27.780317 54.982
685847 6925464 -49.113792 -27.782508 62.998
685852 6925224 -49.1137 -27.784669 61.425
685852 6924987 -49.113669 -27.786806 55.883
685842 6924755 -49.113725 -27.7889 56.572
685835 6924528 -49.113767 -27.790953 67.041
685832 6924304 -49.113758 -27.792975 74.49
685834 6924080 -49.113706 -27.794994 82.532
685840 6923852 -49.113608 -27.797053 98.99
685847 6923616 -49.113506 -27.799175 119.472
685848 6923375 -49.113458 -27.801356 136.931
685847 6923129 -49.113431 -27.803572 152.226
685838 6922881 -49.113481 -27.805817 169.415
685827 6922631 -49.113553 -27.808069 178.932
685824 6922380 -49.113539 -27.810333 168.542
685833 6922788 -49.113514 -27.80665 163.619
685825 6922525 -49.113553 -27.809022 166.572
685825 6922260 -49.113519 -27.811414 148.741
685832 6921994 -49.113403 -27.813814 125.935
685839 6921729 -49.113286 -27.816206 71.485
685841 6921466 -49.113225 -27.818581 4.901
685839 6921204 -49.113208 -27.820939 -54.482
685830 6920946 -49.113261 -27.823269 -113.511
685822 6920692 -49.1133 -27.825567 -154.747
685816 6920441 -49.113322 -27.827828 -169.056
685810 6920195 -49.113347 -27.83005 -168.702
685812 6919953 -49.113289 -27.832236 -166.065
685822 6919715 -49.113153 -27.834381 -165.547
685830 6919480 -49.113033 -27.836494 -163.095
685836 6919247 -49.112931 -27.838597 -160.568
685837 6919013 -49.112889 -27.840708 -157.825
685834 6918777 -49.112878 -27.842847 -153.284
685829 6918537 -49.112897 -27.845006 -149.668
685826 6918296 -49.112886 -27.847183 -145.266
685830 6918053 -49.112803 -27.849369 -140.5
685835 6917809 -49.112719 -27.851572 -138.651
685838 6917565 -49.112647 -27.853781 -134.602
685840 6917320 -49.112592 -27.855989 -128.225
685840 6917076 -49.112556 -27.858186 -123.432
685837 6916834 -49.112544 -27.860375 -119.915
685830 6916591 -49.112575 -27.862567 -116.589
685829 6916347 -49.11255 -27.864764 -113.436
685835 6916103 -49.11245 -27.866967 -110.614
685846 6915858 -49.112303 -27.869175 -107.829
686329 6915760 -49.107381 -27.869992 -104.293
686328 6915988 -49.107433 -27.867939 -107.011
686326 6916216 -49.107483 -27.865881 -110.774
686325 6916445 -49.107531 -27.863814 -114.655
686328 6916674 -49.107536 -27.861744 -117.722
686330 6916905 -49.10755 -27.859661 -122.09
686332 6917137 -49.107569 -27.857567 -124.347
686330 6917371 -49.107625 -27.855456 -127.279
686321 6917607 -49.10775 -27.853328 -132.914
686314 6917845 -49.107864 -27.851189 -138.363
686318 6918079 -49.107861 -27.849072 -143.382
686322 6918312 -49.107853 -27.846972 -147.46
686324 6918546 -49.107872 -27.844856 -152.975
686327 6918787 -49.107881 -27.842683 -160.792
686332 6919036 -49.107861 -27.840439 -170.578
686334 6919290 -49.107883 -27.838142 -184.235
686329 6919549 -49.107978 -27.835811 -196.135
686322 6919810 -49.108083 -27.833453 -204.819
686322 6920075 -49.108128 -27.831061 -214.365
686334 6920343 -49.108053 -27.828642 -218.957
686344 6920613 -49.107992 -27.826208 -194.649
686345 6920884 -49.108025 -27.823756 -148.677
686336 6921157 -49.108158 -27.821294 -65.636
686326 6921427 -49.108303 -27.818864 77.433
686320 6921691 -49.108397 -27.816486 217.494
686330 6921948 -49.108342 -27.814158 308.511
686343 6922199 -49.108247 -27.811892 307.836
686345 6922445 -49.108272 -27.809678 277.421
686334 6922683 -49.108419 -27.807525 253.647
686324 6922918 -49.10855 -27.805414 230.358
686327 6923149 -49.108558 -27.803331 208.986
686339 6923375 -49.108469 -27.801283 188.34
686344 6923597 -49.108453 -27.799283 167.987
686343 6923816 -49.108497 -27.797308 147.563
686341 6924035 -49.108556 -27.795331 131.937
686337 6924257 -49.108628 -27.793325 116.046
686331 6924486 -49.108731 -27.791264 99.625
686325 6924721 -49.108828 -27.789142 84.194
686326 6924962 -49.10885 -27.786972 68.957
686332 6925205 -49.108833 -27.784772 54.923
686337 6925447 -49.108819 -27.782592 48.028
686339 6925686 -49.108831 -27.780436 48.402
686341 6925925 -49.108847 -27.778281 58.863
686342 6926164 -49.108878 -27.776119 53.195
686340 6926405 -49.108939 -27.773947 38.457
686335 6926648 -49.109022 -27.771753 28.91
686334 6926896 -49.109075 -27.769522 20.857
686332 6927145 -49.109131 -27.767272 14.318
686327 6927396 -49.109219 -27.765008 8.922
686325 6927648 -49.109278 -27.762731 3.068
686330 6927902 -49.109275 -27.760442 -1.478
686336 6928156 -49.109244 -27.758153 -5.984
686339 6928410 -49.109258 -27.755858 -10.752
686339 6928667 -49.109303 -27.753536 -13.391
686342 6928928 -49.109311 -27.751186 -17.734
686830 6915753 -49.1023 -27.869989 -104.205
686823 6915971 -49.102397 -27.868017 -104.874
686820 6916189 -49.102464 -27.866056 -107.466
686821 6916407 -49.102489 -27.864083 -113.22
686827 6916626 -49.102458 -27.862114 -117.507
686827 6916843 -49.1025 -27.860153 -120.593
686822 6917059 -49.102578 -27.858208 -124.925
686825 6917274 -49.102581 -27.856261 -129.343
686831 6917489 -49.102558 -27.854325 -132.863
686838 6917705 -49.102525 -27.852372 -135.951
686846 6917926 -49.102478 -27.850378 -140.08
686851 6918154 -49.102456 -27.848325 -146.903
686856 6918388 -49.10245 -27.846208 -155.17
686851 6918626 -49.102531 -27.844058 -163.805
686841 6918866 -49.102669 -27.841894 -172.738
686832 6919107 -49.102803 -27.839728 -189.748
686823 6919346 -49.102936 -27.837567 -214.282
686822 6919587 -49.102975 -27.835394 -239.742
686833 6919829 -49.1029 -27.833214 -274.836
686844 6920071 -49.102831 -27.831031 -303.316
686848 6920314 -49.102828 -27.828831 -349.482
686842 6920560 -49.102928 -27.826611 -314.822
686830 6920808 -49.103089 -27.824375 -294.648
686824 6921057 -49.103192 -27.822131 -184.607
686829 6921306 -49.103172 -27.819881 122.653
686835 6921555 -49.103158 -27.817639 460.966
686834 6921800 -49.103206 -27.815428 627.142
686833 6922041 -49.103253 -27.813253 658.856
686834 6922277 -49.103278 -27.811122 546.73
686840 6922510 -49.103258 -27.809025 458.705
686846 6922739 -49.103233 -27.806953 381.653
686845 6922966 -49.103269 -27.804908 318.426
686841 6923191 -49.103353 -27.802872 266.052
686835 6923416 -49.103444 -27.80085 227.857
686829 6923638 -49.103547 -27.798839 197.094
686824 6923860 -49.103625 -27.796844 168.865
686819 6924081 -49.103711 -27.794853 147.413
686819 6924304 -49.103753 -27.792836 131.813
686822 6924534 -49.103758 -27.790758 118.86
686825 6924772 -49.103758 -27.788614 98.609
686827 6925012 -49.103775 -27.78645 81.257
686829 6925253 -49.103792 -27.784272 67.893
686830 6925496 -49.103825 -27.782083 56.132
686828 6925741 -49.103881 -27.779867 46.245
686824 6925990 -49.103964 -27.777625 39.891
686821 6926238 -49.104031 -27.775386 35.291
686822 6926486 -49.104058 -27.773153 28.462
686825 6926732 -49.104069 -27.770928 21.254
686830 6926977 -49.104053 -27.768717 15.582
686836 6927220 -49.104036 -27.766525 13.229
686840 6927461 -49.104025 -27.764344 7.208
686845 6927702 -49.104014 -27.762178 2.664
686851 6927941 -49.103992 -27.760022 -2.739
686856 6928176 -49.103978 -27.757894 -8.655
686860 6928409 -49.103972 -27.755792 -13.066
686861 6928640 -49.104003 -27.753711 -13.39
686857 6928869 -49.104078 -27.751642 -12.897
687331 6929038 -49.099292 -27.75005 -15.912
687341 6928798 -49.099153 -27.752214 -15.356
687349 6928560 -49.099036 -27.754361 -14.063
687351 6928325 -49.098978 -27.756481 -12.416
687353 6928091 -49.098922 -27.758589 -7.673
687352 6927856 -49.098897 -27.760711 -2.147
687344 6927619 -49.098947 -27.762856 2.456
687335 6927378 -49.098994 -27.765031 5.687
687332 6927134 -49.098992 -27.767231 11.036
687338 6926888 -49.098889 -27.76945 17.566
687346 6926643 -49.098764 -27.771658 22.941
687350 6926399 -49.098686 -27.773858 27.621
687342 6926155 -49.098731 -27.776061 37.162
687332 6925910 -49.098792 -27.778272 45.727
687328 6925664 -49.098803 -27.780494 56.081
687329 6925414 -49.098753 -27.782747 69.666
687326 6925163 -49.098739 -27.785014 80.224
687324 6924911 -49.098717 -27.787286 97.469
687326 6924658 -49.098656 -27.789572 118.569
687336 6924402 -49.098517 -27.791878 138.658
687343 6924144 -49.098406 -27.794208 161.333
687344 6923885 -49.098358 -27.796544 197.911
687337 6923627 -49.098383 -27.798869 240.034
687336 6923369 -49.098361 -27.801197 285.404
687337 6923112 -49.098303 -27.803517 349.828
687338 6922856 -49.098253 -27.805831 443.012
687332 6922600 -49.098272 -27.808136 586.515
687323 6922347 -49.098333 -27.810425 781.684
687318 6922094 -49.098342 -27.812711 1013.592
687320 6921842 -49.098283 -27.814978 1103.607
687327 6921592 -49.098169 -27.817233 903.788
687335 6921343 -49.098047 -27.819481 378.966
687338 6921095 -49.097981 -27.821717 -229.761
687339 6920847 -49.097933 -27.82395 -505.053
687340 6920599 -49.097883 -27.826189 -534.527
687336 6920351 -49.097881 -27.828431 -479.842
687334 6920101 -49.097858 -27.830689 -404.908
687337 6919848 -49.097797 -27.832969 -327.861
687339 6919594 -49.097733 -27.835264 -261.012
687341 6919338 -49.097675 -27.837567 -218.498
687341 6919083 -49.097633 -27.839869 -192.842
687334 6918829 -49.097661 -27.842167 -177.634
687327 6918575 -49.097692 -27.844458 -167.023
687323 6918321 -49.097697 -27.846744 -156.958
687323 6918069 -49.09765 -27.849025 -147.324
687326 6917816 -49.097589 -27.851303 -140.815
687328 6917565 -49.097519 -27.853572 -134.819
687334 6917313 -49.097422 -27.855842 -128.964
687338 6917061 -49.097342 -27.858111 -122.916
687339 6916810 -49.097294 -27.860381 -118.651
687336 6916560 -49.097281 -27.862639 -115.257
687333 6916309 -49.097278 -27.864897 -110.865
687329 6916058 -49.097281 -27.867169 -106.818
687328 6915803 -49.09725 -27.869469 -104.281
687823 6915742 -49.092217 -27.869944 -102.46
687825 6915994 -49.092225 -27.867675 -106.9
687825 6916247 -49.092272 -27.865389 -111.377
687822 6916501 -49.092344 -27.863103 -114.622
687824 6916751 -49.092364 -27.860844 -117.466
687839 6916997 -49.09225 -27.858619 -122.842
687853 6917240 -49.092142 -27.856428 -127.921
687854 6917478 -49.092167 -27.854278 -132.983
687848 6917714 -49.092267 -27.85215 -137.872
687843 6917951 -49.092353 -27.850011 -145.633
687838 6918191 -49.092442 -27.84785 -152.659
687838 6918433 -49.092489 -27.845667 -161.854
687844 6918677 -49.092461 -27.843458 -175.826
687851 6918923 -49.092433 -27.841242 -189.564
687846 6919170 -49.092525 -27.839017 -208.517
687838 6919419 -49.092639 -27.836767 -240.648
687834 6919672 -49.092719 -27.834489 -292.803
687835 6919926 -49.09275 -27.832194 -375.698
687835 6920180 -49.092789 -27.8299 -505.017
687832 6920434 -49.092861 -27.827608 -706.758
687833 6920687 -49.092889 -27.825328 -845.013
687841 6920939 -49.09285 -27.823056 -694.484
687847 6921188 -49.092833 -27.820806 20.222
687844 6921435 -49.092894 -27.818581 887.318
687841 6921677 -49.092964 -27.816392 1281.328
687840 6921919 -49.093014 -27.814214 1268.511
687836 6922159 -49.093097 -27.812044 1022.013
687829 6922400 -49.0932 -27.809872 782.433
687830 6922641 -49.093233 -27.807694 585.738
687833 6922883 -49.093242 -27.805517 451.463
687837 6923124 -49.093233 -27.803339 361.126
687838 6923364 -49.093264 -27.801178 295.42
687835 6923602 -49.093331 -27.799033 255.443
687832 6923838 -49.093403 -27.796897 212.519
687829 6924076 -49.093467 -27.794753 176.884
687826 6924314 -49.093533 -27.792611 149.719
687826 6924552 -49.093575 -27.790464 127.847
687834 6924791 -49.093525 -27.7883 107.481
687846 6925032 -49.093442 -27.786122 89.553
687854 6925275 -49.093406 -27.783936 74.502
687856 6925517 -49.093422 -27.781744 62.359
687856 6925760 -49.093456 -27.779556 54.23
687856 6926003 -49.093494 -27.777361 45.363
687859 6926247 -49.093503 -27.775164 35.834
687863 6926491 -49.093503 -27.772961 27.745
687865 6926733 -49.093522 -27.770772 18.862
687859 6926974 -49.093617 -27.7686 12.179
687850 6927214 -49.093747 -27.766433 6.416
687841 6927454 -49.093878 -27.764269 2.482
687837 6927693 -49.09395 -27.762117 -1.403
687841 6927927 -49.093947 -27.760003 -5.057
687845 6928159 -49.093947 -27.757911 -9.339
687841 6928390 -49.094025 -27.755828 -14.033
687832 6928621 -49.094153 -27.753742 -14.6
687825 6928854 -49.094258 -27.751642 -15.986
688338 6929022 -49.089083 -27.750056 -15.13
688338 6928784 -49.089044 -27.752206 -18.386
688335 6928540 -49.089036 -27.754403 -18.132
688329 6928289 -49.089056 -27.756672 -14.551
688324 6928029 -49.089072 -27.759017 -9.782
688321 6927763 -49.089053 -27.761417 -5.099
688325 6927492 -49.088967 -27.763861 -0.115
688328 6927220 -49.0889 -27.766314 5.064
688328 6926949 -49.088853 -27.768758 11.524
688332 6926680 -49.088772 -27.771186 19.792
688333 6926413 -49.088722 -27.773597 26.751
688334 6926148 -49.088664 -27.775989 33.965
688338 6925885 -49.088589 -27.778356 42.73
688339 6925626 -49.088536 -27.780694 52.244
688336 6925370 -49.088525 -27.783011 64.394
688335 6925115 -49.088494 -27.785311 79.429
688337 6924861 -49.088439 -27.787597 97.018
688336 6924609 -49.088411 -27.789869 115.849
688335 6924358 -49.088375 -27.792139 138.504
688335 6924107 -49.088342 -27.7944 167.118
688332 6923858 -49.088325 -27.796653 199.188
688327 6923608 -49.088342 -27.798903 231.655
688322 6923357 -49.088347 -27.801172 277.661
688321 6923103 -49.088319 -27.803464 347.066
688326 6922846 -49.088225 -27.805781 457.223
688333 6922586 -49.088119 -27.808131 621.157
688336 6922323 -49.088047 -27.8105 821.279
688336 6922062 -49.088 -27.812856 958.713
688336 6921805 -49.087967 -27.815172 891.355
688336 6921552 -49.087925 -27.817453 628.729
688339 6921303 -49.087856 -27.819697 121.411
688342 6921059 -49.087786 -27.821903 -458.096
688343 6920818 -49.087739 -27.824075 -794.096
688342 6920580 -49.087708 -27.826219 -804.744
688338 6920343 -49.087711 -27.828364 -641.027
688333 6920106 -49.087722 -27.830497 -470.104
688328 6919873 -49.087742 -27.832608 -351.309
688324 6919641 -49.087739 -27.834697 -284.496
688323 6919410 -49.087719 -27.836783 -237.304
688319 6919179 -49.087722 -27.838864 -208.589
688315 6918949 -49.087725 -27.840942 -191.029
688313 6918720 -49.087711 -27.843011 -178.46
688313 6918490 -49.087675 -27.845083 -165.658
688314 6918260 -49.087622 -27.847158 -155.385
688315 6918031 -49.087583 -27.849222 -149.311
688316 6917804 -49.087533 -27.851275 -142.887
688322 6917577 -49.087436 -27.853319 -135.948
688334 6917351 -49.087275 -27.855361 -129.081
688343 6917124 -49.087156 -27.857406 -124.521
688340 6916897 -49.087147 -27.859458 -120.892
688333 6916670 -49.087181 -27.861503 -115.0
688326 6916443 -49.087217 -27.863556 -111.295
688320 6916214 -49.087239 -27.865619 -109.156
688318 6915981 -49.087228 -27.867722 -104.282
688320 6915742 -49.087169 -27.869881 -98.836
688853 6929018 -49.083856 -27.750019 -20.563
688851 6928763 -49.083836 -27.752319 -22.044
688845 6928505 -49.083864 -27.754647 -20.029
688841 6928243 -49.083856 -27.757011 -14.96
688842 6927977 -49.0838 -27.759411 -8.786
688847 6927708 -49.083717 -27.761836 -5.787
688855 6927438 -49.083592 -27.764275 -0.699
688861 6927168 -49.083486 -27.766711 0.795
688854 6926898 -49.083511 -27.769147 6.396
688849 6926626 -49.083525 -27.7716 15.162
688845 6926352 -49.083517 -27.774075 23.781
688837 6926076 -49.083556 -27.776561 30.999
688827 6925803 -49.083617 -27.779036 40.131
688817 6925535 -49.083669 -27.781447 50.47
688812 6925277 -49.083681 -27.783775 61.936
688811 6925025 -49.08365 -27.78605 75.57
688808 6924777 -49.083642 -27.788292 91.319
688804 6924532 -49.083647 -27.7905 108.68
688800 6924290 -49.083644 -27.792686 128.946
688805 6924049 -49.083558 -27.794861 147.124
688816 6923805 -49.083406 -27.797058 167.936
688826 6923555 -49.083264 -27.799311 191.041
688835 6923298 -49.083139 -27.801628 227.549
688836 6923035 -49.083083 -27.804006 297.805
688840 6922768 -49.083006 -27.806414 388.594
688845 6922499 -49.082911 -27.808842 504.323
688848 6922230 -49.082831 -27.811261 537.056
688846 6921964 -49.082817 -27.813667 425.755
688842 6921699 -49.082814 -27.816058 205.137
688841 6921435 -49.082783 -27.818439 -79.947
688841 6921173 -49.082742 -27.820806 -365.029
688837 6920914 -49.082733 -27.823142 -592.366
688833 6920659 -49.082739 -27.825447 -619.848
688831 6920406 -49.082719 -27.827728 -511.56
688835 6920154 -49.082639 -27.829994 -413.024
688840 6919905 -49.08255 -27.832244 -328.133
688841 6919657 -49.082494 -27.834481 -263.585
688838 6919411 -49.082486 -27.836697 -223.811
688829 6919167 -49.082544 -27.8389 -198.969
688818 6918923 -49.082611 -27.841106 -182.858
688813 6918677 -49.082622 -27.843325 -173.006
688818 6918430 -49.082536 -27.845556 -163.494
688822 6918181 -49.082453 -27.847797 -154.879
688821 6917931 -49.082428 -27.850056 -146.59
688817 6917676 -49.082425 -27.852356 -139.109
688813 6917415 -49.082428 -27.854717 -129.525
688812 6917147 -49.082389 -27.857131 -122.976
688818 6916875 -49.082292 -27.859586 -117.367
688826 6916599 -49.082164 -27.862078 -111.091
688835 6916318 -49.082025 -27.864608 -106.685
688846 6916035 -49.081867 -27.867161 -100.749
688850 6915751 -49.081786 -27.869717 -94.684
689346 6915720 -49.076747 -27.869936 -90.473
689359 6915969 -49.076658 -27.867683 -95.339
689364 6916221 -49.076647 -27.865406 -100.551
689363 6916476 -49.076697 -27.863108 -104.886
689363 6916732 -49.076731 -27.860797 -110.25
689364 6916989 -49.076761 -27.858475 -116.368
689363 6917247 -49.076822 -27.856147 -122.821
689351 6917504 -49.076978 -27.853836 -130.14
689336 6917757 -49.077172 -27.851553 -137.715
689321 6918007 -49.077358 -27.849303 -145.606
689315 6918254 -49.077464 -27.847075 -153.339
689323 6918498 -49.077422 -27.844872 -161.621
689332 6918740 -49.077372 -27.842683 -169.625
689343 6918981 -49.077289 -27.840511 -179.145
689352 6919220 -49.077247 -27.838347 -194.239
689352 6919458 -49.077278 -27.836203 -216.403
689343 6919694 -49.077408 -27.834075 -241.647
689330 6919928 -49.077578 -27.831964 -278.074
689327 6920162 -49.07765 -27.829858 -321.347
689332 6920395 -49.077633 -27.827756 -355.899
689336 6920627 -49.077633 -27.825664 -389.839
689335 6920857 -49.077675 -27.823581 -356.126
689335 6921087 -49.077708 -27.821511 -311.087
689339 6921313 -49.077708 -27.819467 -231.436
689341 6921537 -49.077725 -27.817444 -140.854
689341 6921758 -49.077758 -27.81545 -41.841
689340 6921980 -49.077803 -27.813456 47.604
689332 6922202 -49.077922 -27.81145 130.421
689320 6922424 -49.078075 -27.809453 184.888
689316 6922648 -49.07815 -27.807428 201.254
689320 6922875 -49.078147 -27.805378 191.149
689324 6923105 -49.078139 -27.803308 174.491
689327 6923335 -49.078144 -27.801228 151.538
689326 6923565 -49.078194 -27.79915 133.776
689324 6923798 -49.07825 -27.797056 124.533
689326 6924033 -49.078275 -27.794933 114.785
689333 6924272 -49.078233 -27.792778 98.816
689343 6924515 -49.078172 -27.790583 83.575
689352 6924761 -49.078125 -27.788356 71.691
689353 6925011 -49.078156 -27.7861 60.875
689346 6925263 -49.078264 -27.783828 50.099
689335 6925517 -49.078411 -27.781536 41.003
689328 6925773 -49.078525 -27.779231 33.785
689328 6926028 -49.078567 -27.776928 26.368
689334 6926282 -49.07855 -27.774642 17.773
689340 6926532 -49.078519 -27.772381 11.062
689341 6926780 -49.078553 -27.770147 4.346
689335 6927025 -49.078658 -27.767931 -0.221
689325 6927269 -49.078797 -27.765736 -5.418
689325 6927508 -49.078833 -27.763575 -5.375
689334 6927744 -49.078775 -27.761447 -5.734
689341 6927978 -49.078742 -27.759336 -11.501
689343 6928210 -49.078764 -27.757236 -14.359
689343 6928443 -49.078794 -27.755142 -15.0
689346 6928674 -49.078808 -27.753053 -20.146
689349 6928904 -49.078811 -27.750975 -23.792
689839 6915712 -49.071733 -27.869931 -88.918
689832 6915959 -49.071853 -27.867706 -92.192
689829 6916204 -49.071919 -27.865497 -95.905
689829 6916448 -49.071961 -27.863297 -100.89
689827 6916692 -49.072022 -27.861089 -106.164
689831 6916934 -49.072019 -27.858908 -111.521
689841 6917167 -49.071947 -27.856806 -117.947
689848 6917394 -49.071919 -27.854756 -122.531
689847 6917617 -49.071961 -27.852744 -127.572
689840 6917838 -49.072064 -27.850753 -134.202
689832 6918058 -49.072189 -27.848767 -140.926
689831 6918277 -49.072225 -27.846789 -145.933
689838 6918495 -49.072189 -27.844828 -152.528
689842 6918711 -49.072189 -27.842875 -160.112
689842 6918926 -49.072225 -27.840939 -167.718
689838 6919139 -49.072297 -27.839014 -176.644
689830 6919351 -49.072414 -27.837097 -188.154
689820 6919564 -49.07255 -27.835181 -204.254
689815 6919778 -49.072633 -27.83325 -221.223
689824 6919995 -49.072569 -27.831289 -239.123
689834 6920214 -49.072511 -27.829317 -256.632
689838 6920433 -49.072506 -27.827344 -269.34
689839 6920652 -49.072533 -27.825367 -275.679
689837 6920872 -49.072581 -27.823378 -260.34
689832 6921092 -49.072672 -27.821394 -230.907
689823 6921310 -49.0728 -27.819425 -199.851
689819 6921528 -49.072867 -27.817464 -158.372
689826 6921745 -49.072831 -27.8155 -111.521
689835 6921962 -49.072781 -27.813542 -63.564
689838 6922180 -49.072775 -27.811575 -17.726
689834 6922399 -49.072853 -27.809597 22.585
689830 6922619 -49.072933 -27.807617 50.971
689828 6922838 -49.072986 -27.805642 66.197
689831 6923058 -49.072994 -27.803658 74.568
689838 6923278 -49.072958 -27.801667 76.372
689837 6923497 -49.072994 -27.799692 77.29
689835 6923719 -49.073053 -27.797689 77.128
689835 6923948 -49.073089 -27.795625 74.469
689836 6924183 -49.073122 -27.793508 71.34
689842 6924425 -49.073097 -27.791325 65.626
689852 6924672 -49.073033 -27.789092 55.599
689855 6924923 -49.073044 -27.786831 44.77
689854 6925175 -49.073092 -27.784553 36.88
689850 6925427 -49.073172 -27.782281 30.226
689843 6925677 -49.073283 -27.780022 24.423
689841 6925926 -49.073342 -27.777781 17.807
689843 6926168 -49.073364 -27.775592 11.043
689848 6926404 -49.073356 -27.773467 4.699
689851 6926632 -49.073353 -27.771406 -2.122
689853 6926857 -49.073372 -27.769372 -4.747
689852 6927083 -49.073419 -27.767333 -5.564
689844 6927311 -49.073531 -27.765281 -7.353
689833 6927541 -49.073686 -27.763206 -8.682
689827 6927776 -49.073778 -27.761086 -10.315
689827 6928016 -49.073822 -27.758919 -11.445
689827 6928262 -49.073858 -27.756706 -16.441
689829 6928509 -49.073881 -27.754472 -21.295
689829 6928756 -49.073917 -27.752242 -23.559
689826 6929003 -49.073992 -27.750019 -27.095
690340 6928992 -49.068775 -27.750047 -28.564
690340 6928743 -49.068733 -27.752294 -26.918
690341 6928495 -49.068689 -27.754528 -24.449
690343 6928249 -49.068628 -27.756747 -21.427
690340 6928004 -49.068619 -27.758964 -19.825
690334 6927755 -49.068636 -27.761203 -19.118
690329 6927504 -49.068647 -27.763469 -19.263
690325 6927251 -49.06865 -27.765758 -15.749
690326 6926994 -49.0686 -27.768075 -11.856
690328 6926735 -49.068533 -27.770411 -9.197
690335 6926476 -49.068419 -27.772742 -3.998
690340 6926219 -49.068331 -27.775064 0.834
690335 6925964 -49.068342 -27.777367 6.258
690327 6925712 -49.068383 -27.779639 11.222
690322 6925464 -49.068397 -27.781881 16.509
690323 6925218 -49.068347 -27.784103 20.019
690329 6924973 -49.068247 -27.786306 24.438
690333 6924733 -49.068164 -27.788475 27.507
690334 6924496 -49.068119 -27.790608 30.036
690327 6924262 -49.06815 -27.792719 31.014
690320 6924030 -49.068186 -27.794822 31.04
690317 6923797 -49.068178 -27.796919 30.279
690318 6923564 -49.068128 -27.799022 27.722
690322 6923330 -49.068056 -27.801128 24.147
690324 6923094 -49.067992 -27.803258 18.583
690324 6922855 -49.067956 -27.805417 9.274
690321 6922612 -49.06795 -27.807611 -7.72
690316 6922364 -49.067956 -27.809844 -36.234
690311 6922114 -49.067975 -27.812108 -69.373
690308 6921861 -49.067967 -27.814389 -107.613
690309 6921605 -49.067908 -27.816694 -143.741
690317 6921348 -49.067789 -27.819017 -175.674
690327 6921091 -49.067647 -27.821336 -201.01
690334 6920836 -49.067531 -27.823631 -216.968
690337 6920586 -49.067461 -27.825892 -219.979
690339 6920339 -49.067406 -27.828111 -210.848
690337 6920098 -49.067383 -27.830294 -199.613
690332 6919859 -49.067394 -27.832442 -187.905
690328 6919624 -49.067397 -27.834567 -176.445
690324 6919391 -49.067408 -27.836667 -170.35
690317 6919160 -49.067442 -27.838756 -165.686
690311 6918929 -49.067461 -27.840839 -158.19
690311 6918698 -49.067422 -27.842922 -151.171
690315 6918467 -49.06735 -27.845011 -145.711
690318 6918234 -49.067275 -27.847114 -139.252
690318 6917999 -49.067239 -27.849233 -133.132
690312 6917764 -49.067261 -27.851353 -126.777
690310 6917529 -49.067247 -27.853469 -121.528
690316 6917294 -49.067147 -27.855589 -116.916
690325 6917059 -49.067025 -27.857708 -110.603
690325 6916823 -49.066986 -27.859836 -105.346
690321 6916587 -49.066983 -27.861967 -100.87
690319 6916351 -49.066969 -27.864094 -97.559
690314 6916115 -49.066983 -27.866228 -93.862
690316 6915877 -49.066922 -27.868381 -89.206
690843 6928987 -49.063672 -27.750022 -32.161
690845 6928723 -49.063614 -27.752406 -29.935
690842 6928456 -49.063594 -27.754806 -28.374
690841 6928189 -49.063561 -27.757222 -27.132
690842 6927919 -49.063511 -27.759656 -26.412
690843 6927646 -49.063461 -27.762119 -25.138
690841 6927370 -49.063439 -27.764611 -22.307
690836 6927092 -49.063436 -27.767117 -19.769
690830 6926813 -49.06345 -27.769633 -17.062
690825 6926536 -49.063461 -27.772133 -13.835
690823 6926260 -49.063439 -27.774628 -10.981
690822 6925984 -49.063403 -27.777117 -8.11
690821 6925709 -49.063367 -27.779594 -5.1
690820 6925436 -49.063333 -27.782061 -0.875
690821 6925164 -49.063281 -27.784517 3.353
690829 6924895 -49.063156 -27.786944 3.304
690837 6924630 -49.063036 -27.789331 3.171
690833 6924371 -49.063039 -27.791667 2.816
690820 6924117 -49.063125 -27.793958 0.837
690815 6923867 -49.063139 -27.796222 0.61
690818 6923616 -49.063069 -27.798481 -4.711
690820 6923363 -49.063003 -27.800758 -14.136
690820 6923107 -49.062961 -27.803072 -24.051
690816 6922846 -49.062964 -27.805428 -34.963
690814 6922581 -49.062936 -27.807817 -54.0
690822 6922314 -49.062817 -27.810228 -74.73
690832 6922043 -49.062667 -27.812667 -99.797
690838 6921770 -49.062567 -27.815133 -123.815
690835 6921496 -49.062556 -27.817606 -143.131
690825 6921223 -49.062617 -27.820075 -161.102
690822 6920950 -49.062603 -27.822539 -175.806
690828 6920678 -49.062492 -27.824989 -183.524
690835 6920407 -49.062375 -27.827431 -176.45
690835 6920137 -49.062336 -27.829867 -173.873
690831 6919866 -49.062331 -27.832311 -163.81
690828 6919593 -49.062322 -27.834778 -156.391
690824 6919317 -49.062319 -27.837267 -155.2
690823 6919038 -49.062278 -27.839789 -148.749
690826 6918757 -49.062211 -27.842322 -143.797
690828 6918476 -49.062144 -27.844853 -137.793
690830 6918197 -49.062072 -27.847372 -131.059
690827 6917919 -49.062058 -27.849881 -124.524
690816 6917643 -49.062128 -27.852372 -116.904
690806 6917369 -49.062183 -27.854844 -111.447
690804 6917098 -49.062161 -27.857294 -107.278
690804 6916830 -49.062117 -27.859711 -102.731
690801 6916566 -49.062108 -27.862094 -97.989
690802 6916305 -49.062056 -27.864447 -92.966
690809 6916047 -49.061947 -27.866775 -88.09
690817 6915791 -49.061822 -27.869081 -84.548
691336 6928980 -49.058667 -27.750008 -37.053
691342 6928715 -49.058564 -27.7524 -35.896
691339 6928448 -49.058553 -27.754808 -35.114
691333 6928179 -49.058575 -27.757236 -33.168
691327 6927910 -49.058589 -27.759664 -31.374
691328 6927642 -49.058539 -27.762086 -29.645
691330 6927374 -49.058469 -27.7645 -27.17
691332 6927106 -49.058414 -27.766917 -26.876
691328 6926835 -49.058406 -27.769364 -24.791
691322 6926558 -49.058428 -27.771864 -22.034
691321 6926278 -49.058389 -27.774394 -22.977
691327 6925996 -49.058283 -27.776933 -22.589
691330 6925714 -49.058211 -27.779481 -19.284
691327 6925431 -49.058197 -27.782036 -16.938
691318 6925147 -49.058239 -27.784594 -15.116
691310 6924865 -49.058269 -27.787144 -16.265
691309 6924583 -49.058239 -27.789683 -16.164
691310 6924304 -49.058181 -27.792206 -17.376
691314 6924027 -49.058103 -27.794703 -20.051
691314 6923753 -49.058056 -27.797175 -26.124
691311 6923483 -49.058042 -27.799608 -36.097
691311 6923217 -49.057994 -27.802006 -44.215
691312 6922955 -49.057947 -27.804375 -54.046
691310 6922695 -49.057928 -27.806722 -69.116
691308 6922438 -49.057903 -27.809039 -82.487
691312 6922187 -49.057828 -27.811306 -94.234
691318 6921940 -49.057722 -27.813531 -108.133
691324 6921696 -49.057628 -27.815733 -123.334
691326 6921452 -49.057564 -27.817931 -132.246
691324 6921210 -49.057544 -27.820114 -138.256
691317 6920969 -49.057581 -27.822292 -149.126
691308 6920728 -49.057628 -27.824469 -157.712
691305 6920486 -49.057625 -27.826653 -156.53
691305 6920242 -49.057586 -27.82885 -154.636
691308 6919999 -49.057519 -27.831042 -149.959
691303 6919757 -49.057522 -27.833231 -147.267
691294 6919514 -49.057575 -27.835422 -144.333
691292 6919270 -49.057558 -27.837628 -141.265
691294 6919025 -49.0575 -27.839839 -139.743
691293 6918778 -49.057475 -27.842061 -135.353
691289 6918530 -49.057469 -27.844303 -131.536
691291 6918279 -49.057408 -27.846561 -124.524
691305 6918029 -49.057228 -27.848819 -118.451
691323 6917782 -49.057006 -27.85105 -113.659
691335 6917536 -49.056847 -27.853267 -108.821
691335 6917287 -49.056803 -27.855506 -104.575
691332 6917037 -49.056792 -27.857761 -100.102
691336 6916787 -49.056717 -27.860022 -95.754
691343 6916538 -49.056603 -27.862269 -92.263
691343 6916291 -49.056561 -27.864492 -89.2
691336 6916049 -49.056594 -27.866681 -84.312
691326 6915812 -49.056658 -27.868822 -80.098
691831 6915681 -49.051508 -27.869931 -73.843
691832 6915939 -49.051544 -27.867606 -79.025
691835 6916198 -49.051553 -27.865267 -82.968
691842 6916457 -49.051528 -27.862925 -86.337
691845 6916716 -49.051533 -27.860586 -88.232
691848 6916977 -49.05155 -27.858233 -91.141
691851 6917241 -49.051558 -27.855853 -95.718
691852 6917505 -49.051589 -27.853467 -100.242
691854 6917770 -49.051608 -27.851081 -105.217
691854 6918032 -49.051656 -27.848717 -109.086
691855 6918291 -49.051689 -27.846378 -113.109
691852 6918548 -49.051756 -27.844061 -116.845
691846 6918802 -49.051861 -27.841767 -118.374
691841 6919056 -49.05195 -27.839481 -124.124
691841 6919308 -49.051992 -27.8372 -129.06
691844 6919559 -49.052006 -27.834933 -132.363
691850 6919808 -49.051981 -27.832689 -133.805
691859 6920054 -49.051928 -27.830467 -134.016
691867 6920299 -49.051889 -27.828258 -135.468
691863 6920543 -49.051969 -27.826053 -135.684
691853 6920786 -49.052111 -27.823864 -133.252
691847 6921027 -49.052211 -27.821689 -130.715
691842 6921266 -49.052297 -27.819542 -125.616
691839 6921501 -49.052369 -27.817419 -119.387
691845 6921734 -49.052344 -27.815311 -113.085
691846 6921968 -49.052372 -27.813206 -104.485
691841 6922201 -49.052461 -27.811103 -95.216
691839 6922435 -49.052522 -27.808989 -86.879
691840 6922670 -49.052544 -27.806869 -78.276
691849 6922904 -49.052494 -27.804753 -69.148
691856 6923136 -49.052456 -27.802661 -59.859
691851 6923366 -49.052547 -27.800589 -53.099
691837 6923596 -49.052722 -27.798519 -46.166
691824 6923827 -49.052889 -27.796433 -41.824
691821 6924063 -49.052964 -27.794306 -36.53
691828 6924303 -49.052931 -27.792133 -34.481
691835 6924550 -49.052894 -27.789911 -33.577
691841 6924800 -49.052872 -27.78765 -31.85
691845 6925051 -49.052881 -27.785386 -30.832
691843 6925302 -49.052939 -27.783128 -29.513
691842 6925550 -49.052986 -27.780886 -30.483
691847 6925795 -49.052981 -27.778678 -29.929
691851 6926037 -49.052975 -27.776492 -30.76
691857 6926279 -49.052956 -27.774308 -31.34
691858 6926520 -49.052978 -27.772133 -31.982
691851 6926758 -49.053092 -27.769986 -32.025
691847 6926993 -49.053169 -27.767869 -33.481
691846 6927224 -49.053211 -27.765783 -34.603
691845 6927455 -49.053258 -27.7637 -35.839
691847 6927689 -49.053281 -27.761589 -36.413
691852 6927927 -49.053269 -27.759439 -37.646
691851 6928169 -49.053317 -27.757253 -38.227
691849 6928415 -49.053372 -27.755036 -37.68
691849 6928662 -49.053414 -27.752806 -37.414
691846 6928911 -49.053492 -27.750564 -39.537
692333 6928963 -49.048561 -27.750022 -44.089
692331 6928709 -49.048531 -27.752317 -42.036
692324 6928458 -49.048569 -27.754578 -41.534
692318 6928210 -49.048592 -27.756819 -40.773
692316 6927961 -49.048567 -27.759064 -39.55
692320 6927712 -49.048486 -27.761311 -39.415
692324 6927461 -49.048403 -27.763572 -38.457
692326 6927208 -49.048347 -27.765858 -37.417
692325 6926953 -49.048311 -27.768156 -36.166
692327 6926698 -49.048256 -27.770456 -34.753
692329 6926445 -49.048194 -27.772744 -35.764
692328 6926191 -49.048158 -27.775036 -37.062
692325 6925934 -49.04815 -27.77735 -36.608
692319 6925674 -49.048169 -27.779703 -36.5
692319 6925408 -49.048128 -27.782097 -35.781
692327 6925138 -49.048003 -27.784533 -35.515
692330 6924863 -49.047925 -27.787017 -37.874
692326 6924583 -49.047922 -27.789539 -39.951
692316 6924299 -49.047978 -27.792103 -43.998
692300 6924011 -49.048094 -27.794703 -47.32
692291 6923720 -49.048136 -27.797333 -50.719
692299 6923428 -49.048011 -27.799967 -55.559
692314 6923135 -49.047811 -27.802603 -63.778
692323 6922843 -49.047669 -27.805239 -71.821
692329 6922550 -49.047564 -27.807883 -80.429
692327 6922256 -49.047533 -27.810533 -89.602
692319 6921964 -49.047567 -27.813172 -98.01
692315 6921675 -49.047567 -27.815778 -105.02
692311 6921390 -49.047564 -27.81835 -110.105
692300 6921107 -49.047622 -27.820908 -114.649
692295 6920825 -49.047631 -27.82345 -117.581
692298 6920546 -49.047553 -27.825967 -118.795
692305 6920269 -49.047442 -27.828464 -118.471
692308 6919994 -49.047364 -27.83095 -116.913
692308 6919721 -49.047317 -27.833411 -116.427
692306 6919449 -49.0473 -27.835861 -115.263
692305 6919178 -49.047267 -27.838311 -113.036
692310 6918906 -49.047169 -27.840761 -108.473
692315 6918634 -49.047075 -27.843217 -106.934
692319 6918361 -49.046994 -27.845681 -103.096
692324 6918088 -49.046897 -27.848144 -100.59
692323 6917813 -49.046858 -27.850625 -95.448
692319 6917536 -49.046858 -27.853117 -92.825
692319 6917261 -49.046808 -27.855606 -89.794
692320 6916985 -49.046761 -27.858092 -85.016
692318 6916709 -49.046736 -27.860586 -82.591
692316 6916433 -49.046703 -27.863069 -80.36
692319 6916161 -49.046628 -27.865531 -76.975
692330 6915892 -49.046478 -27.86795 -71.22
692846 6915657 -49.041197 -27.87 -61.97
692844 6915889 -49.041258 -27.867911 -64.862
692842 6916123 -49.041322 -27.865797 -69.205
692844 6916359 -49.041333 -27.863669 -73.394
692852 6916594 -49.041289 -27.861547 -76.37
692864 6916827 -49.041206 -27.859439 -78.192
692873 6917059 -49.041156 -27.857347 -79.58
692876 6917288 -49.041158 -27.855281 -81.7
692871 6917515 -49.041247 -27.853233 -82.916
692866 6917742 -49.041336 -27.851189 -85.526
692867 6917971 -49.041367 -27.849122 -87.242
692868 6918203 -49.041386 -27.847028 -86.598
692864 6918439 -49.041467 -27.8449 -91.184
692861 6918678 -49.041542 -27.842739 -96.827
692860 6918921 -49.041583 -27.84055 -99.618
692861 6919166 -49.041617 -27.838342 -100.365
692861 6919412 -49.041656 -27.836122 -100.293
692856 6919658 -49.04175 -27.833897 -100.062
692852 6919907 -49.041825 -27.831658 -102.436
692853 6920154 -49.041864 -27.829425 -105.456
692852 6920398 -49.041908 -27.827225 -102.874
692848 6920641 -49.041986 -27.825036 -100.209
692845 6920884 -49.042056 -27.822839 -98.438
692844 6921129 -49.042111 -27.820633 -96.355
692848 6921374 -49.042108 -27.818419 -94.093
692853 6921619 -49.042094 -27.816206 -92.083
692852 6921864 -49.042142 -27.813994 -88.289
692846 6922109 -49.042242 -27.811789 -84.985
692841 6922353 -49.042339 -27.809586 -80.002
692840 6922597 -49.042392 -27.807383 -75.395
692839 6922839 -49.042436 -27.805197 -72.067
692841 6923079 -49.042453 -27.803039 -66.527
692842 6923316 -49.042481 -27.800903 -62.504
692841 6923550 -49.042528 -27.798783 -58.311
692837 6923784 -49.042611 -27.796675 -55.381
692832 6924019 -49.042703 -27.794556 -52.632
692838 6924258 -49.042675 -27.792403 -48.607
692849 6924501 -49.042603 -27.790208 -46.233
692850 6924747 -49.042633 -27.787989 -44.612
692838 6924994 -49.042792 -27.785764 -42.428
692828 6925241 -49.042936 -27.783533 -39.836
692831 6925489 -49.04295 -27.781292 -39.249
692836 6925739 -49.042931 -27.779042 -39.208
692838 6925988 -49.042958 -27.776786 -39.461
692837 6926237 -49.043006 -27.77455 -40.223
692842 6926482 -49.042989 -27.772336 -41.045
692853 6926724 -49.042922 -27.770147 -41.297
692860 6926965 -49.042889 -27.767978 -40.794
692857 6927204 -49.042958 -27.765814 -40.459
692847 6927444 -49.043094 -27.763653 -40.447
692837 6927684 -49.043236 -27.761486 -40.675
692829 6927927 -49.043358 -27.759297 -41.332
692821 6928173 -49.043478 -27.757075 -41.577
692812 6928422 -49.043614 -27.754831 -42.639
692808 6928673 -49.043697 -27.752567 -43.916
692808 6928926 -49.043733 -27.750289 -46.362
693355 6922024 -49.037067 -27.812478 -78.684
693353 6922287 -49.037133 -27.810111 -75.28
693351 6922548 -49.037194 -27.807756 -71.5
693352 6922808 -49.037225 -27.805406 -68.735
693360 6923068 -49.037192 -27.803061 -64.934
693363 6923327 -49.0372 -27.800722 -61.988
693355 6923586 -49.037325 -27.798383 -58.819
693344 6923847 -49.037478 -27.796039 -56.23
693340 6924108 -49.037561 -27.793683 -52.581
693348 6924370 -49.037517 -27.791319 -49.283
693356 6924632 -49.037478 -27.788953 -49.092
693359 6924893 -49.037492 -27.7866 -46.874
693357 6925150 -49.037553 -27.784275 -45.04
693350 6925405 -49.037672 -27.781975 -43.312
693340 6925659 -49.037806 -27.779692 -41.558
693339 6925911 -49.037856 -27.777414 -41.623
693346 6926163 -49.037833 -27.775136 -41.783
693355 6926415 -49.037783 -27.772864 -42.263
693361 6926669 -49.037756 -27.770575 -42.079
693369 6926925 -49.037717 -27.768261 -42.062
693377 6927183 -49.037686 -27.765928 -41.961
693378 6927443 -49.037711 -27.763583 -42.548
693373 6927704 -49.037803 -27.761228 -42.761
693364 6927965 -49.037939 -27.758878 -43.266
693356 6928224 -49.038058 -27.756542 -43.707
693354 6928483 -49.038122 -27.754208 -44.157
693353 6928741 -49.038175 -27.751875 -44.999
693354 6915652 -49.036042 -27.869969 -54.669
693347 6915889 -49.03615 -27.867833 -60.946
693341 6916125 -49.036247 -27.865703 -66.045
693341 6916360 -49.036286 -27.863589 -69.107
693348 6916590 -49.036253 -27.861506 -71.347
693360 6916818 -49.036169 -27.859453 -73.767
693370 6917045 -49.036106 -27.857403 -74.499
693370 6917273 -49.036139 -27.855339 -73.749
693366 6917505 -49.036219 -27.853253 -74.726
693363 6917741 -49.036286 -27.851125 -76.842
693361 6917980 -49.036356 -27.848967 -77.923
693360 6918222 -49.036397 -27.846783 -80.729
693362 6918466 -49.036417 -27.844581 -84.529
693367 6918712 -49.036408 -27.842358 -87.162
693370 6918959 -49.036422 -27.840128 -89.025
693366 6919207 -49.036497 -27.837894 -91.883
693361 6919455 -49.036586 -27.835661 -92.019
693358 6919703 -49.036667 -27.833419 -92.001
693351 6919953 -49.036775 -27.831164 -91.891
693341 6920204 -49.036914 -27.828903 -93.482
693328 6920456 -49.037092 -27.826636 -90.544
693322 6920708 -49.037183 -27.824364 -83.961
693327 6920960 -49.037181 -27.822089 -81.664
693340 6921212 -49.037092 -27.819808 -82.815
693351 6921465 -49.037014 -27.817522 -81.657
693354 6921718 -49.037033 -27.815239 -79.319
693348 6921971 -49.037131 -27.812961 -78.763
693340 6922223 -49.037256 -27.810686 -75.943
693333 6922477 -49.037369 -27.8084 -72.293
693342 6922730 -49.037317 -27.806111 -69.02
693352 6922982 -49.037258 -27.803839 -66.239
693809 6928942 -49.033581 -27.75 -42.897
693806 6928702 -49.033578 -27.752167 -43.496
693805 6928461 -49.033542 -27.754336 -44.102
693804 6928221 -49.033514 -27.756503 -45.369
693804 6927981 -49.033481 -27.758675 -45.682
693804 6927741 -49.033442 -27.760833 -45.158
693804 6927503 -49.033397 -27.762981 -44.519
693809 6927268 -49.033317 -27.765106 -43.908
693815 6927035 -49.033217 -27.767206 -42.932
693820 6926800 -49.033122 -27.769322 -42.021
693824 6926560 -49.033047 -27.771486 -43.015
693824 6926316 -49.033008 -27.773694 -42.414
693822 6926066 -49.032986 -27.77595 -43.551
693823 6925811 -49.032936 -27.77825 -43.184
693825 6925553 -49.032869 -27.780569 -45.424
693826 6925296 -49.032817 -27.782897 -47.315
693828 6925037 -49.032764 -27.785225 -47.13
693829 6924779 -49.032711 -27.787553 -50.53
693825 6924522 -49.0327 -27.789878 -51.811
693819 6924264 -49.032728 -27.792203 -53.796
693815 6924008 -49.032722 -27.794514 -56.066
693814 6923754 -49.032689 -27.796803 -58.08
693815 6923500 -49.032639 -27.799097 -60.224
693813 6923244 -49.032614 -27.801406 -62.703
693813 6922987 -49.032581 -27.803725 -64.096
693814 6922729 -49.032531 -27.806053 -66.439
693816 6922470 -49.032467 -27.808389 -68.006
693817 6922213 -49.032408 -27.810711 -70.402
693818 6921958 -49.032364 -27.813014 -72.225
693819 6921703 -49.032306 -27.815311 -74.37
693820 6921448 -49.032253 -27.817611 -77.037
693821 6921191 -49.0322 -27.819928 -78.622
693824 6920936 -49.032133 -27.822231 -78.763
693827 6920685 -49.032064 -27.824489 -79.294
693829 6920438 -49.032 -27.826725 -80.75
693831 6920190 -49.031939 -27.828964 -82.172
693833 6919940 -49.031875 -27.831217 -81.012
693831 6919688 -49.031861 -27.833486 -81.131
693823 6919435 -49.031894 -27.835775 -81.945
693818 6919178 -49.031908 -27.838089 -79.762
693819 6918920 -49.031856 -27.840417 -79.464
693826 6918660 -49.031739 -27.842758 -78.816
693831 6918400 -49.03165 -27.845111 -75.973
693830 6918139 -49.031619 -27.847458 -73.581
693828 6917881 -49.031589 -27.849792 -71.651
693829 6917626 -49.031539 -27.852092 -70.237
693829 6917376 -49.031503 -27.854347 -69.616
693826 6917131 -49.031489 -27.856556 -68.246
693824 6916890 -49.031472 -27.858736 -66.529
693825 6916650 -49.031419 -27.8609 -64.853
693829 6916411 -49.031347 -27.86305 -63.75
693832 6916172 -49.031278 -27.865214 -62.222
693831 6915929 -49.031244 -27.867403 -55.849
693825 6915685 -49.031261 -27.869603 -29.416
